1.435106992721557617e+00
1.553906798362731934e+00
5.893347263336181641e-01
2.131052255630493164e+00
1.360580086708068848e+00
1.139267086982727051e+00
5.788720846176147461e-01
1.276389360427856445e-01
3.026174008846282959e-01
-4.027339518070220947e-01
-4.520835578441619873e-01
-5.436444282531738281e-01
-4.806625247001647949e-01
6.786535978317260742e-01
5.908293724060058594e-01
4.325498640537261963e-01
2.574167847633361816e-01
6.354630589485168457e-01
6.437609791755676270e-01
3.263773620128631592e-01
7.335953116416931152e-01
6.219595670700073242e-01
8.080706596374511719e-01
8.057513833045959473e-01
-1.730921030044555664e+00
3.811129033565521240e-01
-6.064872264862060547e+00
5.455514416098594666e-02
5.950556397438049316e-01
5.587714910507202148e-01
5.453194975852966309e-01
7.978657484054565430e-01
4.106968939304351807e-01
2.873615622520446777e-01
2.995249927043914795e-01
7.816048711538314819e-02
7.529228329658508301e-01
-5.283113121986389160e-01
-1.107234954833984375e+00
-6.608980894088745117e-01
-4.266743063926696777e-01
-3.408859074115753174e-01
8.779847621917724609e-02
8.255943059921264648e-01
1.396993100643157959e-01
1.579444855451583862e-01
-4.098980128765106201e-01
5.308625288307666779e-03
-2.416455298662185669e-01
4.480634331703186035e-01
3.925547897815704346e-01
2.168109655380249023e+00
7.042174935340881348e-01
3.718872368335723877e-01
3.426640331745147705e-01
3.188009858131408691e-01
-3.576364219188690186e-01
1.507804244756698608e-01
-1.997692435979843140e-01
-3.301655650138854980e-01
2.670547664165496826e-01
4.491973221302032471e-01
5.744396448135375977e-01
1.057318329811096191e+00
9.096046090126037598e-01
1.214618563652038574e+00
5.252189040184020996e-01
-5.149366259574890137e-01
7.702660560607910156e-02
-1.314065098762512207e+00
-2.104638099670410156e+00
-2.556025743484497070e+00
-2.330847263336181641e+00
-1.989214062690734863e+00
-2.531904935836791992e+00
-1.456779599189758301e+00
-9.998512268066406250e-01
-2.372388541698455811e-01
2.234518975019454956e-01
-1.135684996843338013e-01
4.295863211154937744e-02
6.048998236656188965e-01
7.356053590774536133e-01
8.666201829910278320e-01
8.553329110145568848e-01
6.040751934051513672e-01
9.553205966949462891e-01
7.395223975181579590e-01
-1.828898638486862183e-01
-5.620442703366279602e-02
2.797851562500000000e-01
-4.552790522575378418e-01
-2.254232883453369141e+00
1.265050619840621948e-01
4.697102606296539307e-01
-4.852495715022087097e-02
5.411705351434648037e-04
8.150801062583923340e-01
1.366610169410705566e+00
4.297151863574981689e-01
-1.183411121368408203e+00
-1.502212047576904297e+00
-1.901853680610656738e+00
-1.772591233253479004e+00
-1.684844255447387695e+00
-9.177479147911071777e-01
-4.994488656520843506e-01
6.891162395477294922e-01
4.129646718502044678e-01
8.317791223526000977e-01
1.384494662284851074e+00
1.394184112548828125e+00
1.659409284591674805e+00
1.242501735687255859e+00
1.335119247436523438e+00
1.761200904846191406e+00
1.083964586257934570e+00
1.449538111686706543e+00
1.201115131378173828e+00
1.356044530868530273e+00
6.910232305526733398e-01
5.623792409896850586e-01
7.205556631088256836e-01
1.568621397018432617e-01
7.152470350265502930e-01
7.335953116416931152e-01
2.601458311080932617e+00
1.682499170303344727e+00
3.439525365829467773e-01
1.434230804443359375e+00
1.370784997940063477e+00
6.394831538200378418e-01
4.662055373191833496e-01
-2.641427703201770782e-02
-1.769112199544906616e-01
5.334395449608564377e-03
-9.096818976104259491e-03
3.257589042186737061e-01
9.284940361976623535e-02
-3.505754172801971436e-01
2.612307369709014893e-01
2.501496374607086182e-01
-4.773381948471069336e-01
-4.566448554396629333e-02
1.839206665754318237e-01
6.823645234107971191e-01
4.818994551897048950e-03
8.310575485229492188e-01
-1.659589633345603943e-02
-1.722983866930007935e-01
-4.155932068824768066e-01
-1.195780754089355469e+00
-1.415057897567749023e+00
-1.529270648956298828e+00
-1.585938930511474609e+00
-1.311617016792297363e+00
-1.978235960006713867e+00
-1.949012756347656250e+00
-1.574393987655639648e+00
-1.351405858993530273e+00
-1.280744552612304688e+00
-8.695322275161743164e-01
-1.506489872932434082e+00
-8.956630229949951172e-01
-7.186744809150695801e-01
-8.931117653846740723e-01
-2.538605332374572754e-01
-3.772731721401214600e-01
-1.035181954503059387e-01
-2.448667883872985840e-01
-3.348608732223510742e+00
2.749404013156890869e-01
-2.137623578310012817e-01
-1.718087643384933472e-01
8.171675354242324829e-02
3.822983205318450928e-01
6.864877343177795410e-01
5.961895585060119629e-01
6.523166298866271973e-01
5.563490986824035645e-01
5.136224031448364258e-01
4.564129114151000977e-01
4.964595437049865723e-01
3.349845707416534424e-01
1.355245709419250488e-01
-5.167663097381591797e-01
2.624677121639251709e-01
1.116615235805511475e-01
2.217510640621185303e-01
2.058251947164535522e-01
9.108930826187133789e-01
7.781774401664733887e-01
7.035989761352539062e-01
5.762950778007507324e-01
6.464926004409790039e-01
1.213510483503341675e-01
-2.269050776958465576e-01
8.890658617019653320e-03
-4.739880859851837158e-01
-4.924651980400085449e-01
2.509227395057678223e-01
3.535905182361602783e-01
3.751857876777648926e-01
-2.557752370834350586e+00
7.389554977416992188e-01
6.208257079124450684e-01
6.066521406173706055e-01
6.487603783607482910e-01
6.455649137496948242e-01
4.270866215229034424e-01
4.293543994426727295e-01
2.630861997604370117e-01
-3.131393194198608398e+00
-3.519154787063598633e-01
-1.680721044540405273e-01
5.429744347929954529e-02
8.931117653846740723e-01
1.133340001106262207e+00
1.672036528587341309e+00
1.336665391921997070e+00
1.167974829673767090e+00
1.266570925712585449e+00
1.407996892929077148e+00
3.324590921401977539e-01
-1.552128642797470093e-01
2.577002451289445162e-04
-2.262350469827651978e-01
-5.540555343031883240e-03
6.388646960258483887e-01
5.732026696205139160e-01
2.533966600894927979e-01
7.242150306701660156e-01
5.005827546119689941e-01
1.758804172277450562e-01
4.414405301213264465e-02
-4.495838582515716553e-01
-4.310036897659301758e-01
-1.183024525642395020e+00
-1.062962055206298828e+00
-1.343107938766479492e+00
-1.540428996086120605e+00
-1.808952689170837402e+00
-9.544702172279357910e-01
-5.962668657302856445e-01
6.803029179573059082e-01
-7.257354855537414551e-01
-1.158130764961242676e+00
-1.921413093805313110e-01
-7.194475531578063965e-01
-7.441868185997009277e-01
-1.409491539001464844e+00
-5.650851130485534668e-01
1.020235344767570496e-01
-1.797201633453369141e-01
6.158263087272644043e-01
1.189467072486877441e+00
8.814637064933776855e-01
9.593922495841979980e-01
4.943464100360870361e-01
5.435671210289001465e-01
2.627254128456115723e-01
3.361699879169464111e-01
-1.257834881544113159e-01
-2.617461383342742920e-01
5.038040131330490112e-02
3.952864110469818115e-01
-1.464252918958663940e-01
5.687702298164367676e-01
9.220772981643676758e-01
-2.002073287963867188e+00
1.152152061462402344e+00
4.187886714935302734e-01
5.989726781845092773e-01
6.393543630838394165e-02
4.800182580947875977e-01
-3.374327123165130615e-01
5.228738114237785339e-02
4.424971044063568115e-01
2.527781724929809570e-01
8.764643073081970215e-01
5.140862464904785156e-01
1.430494040250778198e-01
4.625977277755737305e-01
-7.133143395185470581e-02
-2.959429621696472168e-01
-1.374057829380035400e-01
1.346483826637268066e-01
-8.126577734947204590e-01
-3.156054913997650146e-01
-6.812821626663208008e-01
-1.315508246421813965e+00
-2.123450040817260742e-01
1.451110094785690308e-01
2.608184218406677246e-01
1.200548171997070312e+00
1.194724202156066895e+00
1.268065690994262695e+00
6.862300038337707520e-01
1.159419178962707520e+00
6.163417100906372070e-01
5.306048318743705750e-02
1.968056857585906982e-01
-1.849772483110427856e-01
7.198856472969055176e-01
3.453183453530073166e-03
8.036897778511047363e-01
6.409005075693130493e-02
5.558336973190307617e-01
-3.462460637092590332e-01
-2.237095981836318970e-01
-2.844752967357635498e-01
-3.332064300775527954e-02
7.971957325935363770e-01
-3.651097118854522705e-01
-2.040985971689224243e-01
-3.404735624790191650e-01
-5.107876658439636230e-01
-9.632835537195205688e-02
7.386462688446044922e-01
1.129500195384025574e-01
3.437979221343994141e-01
3.956987559795379639e-01
6.042813062667846680e-01
4.905324280261993408e-01
3.301397860050201416e-01
-8.651512861251831055e-01
-4.414147734642028809e-01
-6.073994934558868408e-02
5.158386230468750000e-01
4.062129259109497070e-01
1.338263154029846191e+00
1.643380284309387207e+00
2.173572778701782227e+00
1.974267363548278809e+00
1.737337827682495117e+00
6.542751789093017578e-01
6.728811264038085938e-01
7.461195588111877441e-01
-9.138051271438598633e-01
-8.470349907875061035e-01
-8.185591101646423340e-01
5.989211797714233398e-01
-7.881246805191040039e-01
-1.754423379898071289e-01
-2.763036251068115234e+00
3.032874166965484619e-01
5.766558647155761719e-01
2.400477826595306396e-01
3.246250152587890625e-01
2.307705730199813843e-01
-4.612061381340026855e-01
-2.744249999523162842e-01
1.558133006095886230e+00
-4.232211410999298096e-01
-8.325264453887939453e-01
-1.321821928024291992e+00
-7.189837098121643066e-01
-6.464668512344360352e-01
-2.262092828750610352e-01
-8.528074622154235840e-01
-5.330014228820800781e+00
-4.595568776130676270e-01
1.603153347969055176e-01
-6.093838214874267578e-01
-4.993457794189453125e-01
-4.411828219890594482e-01
-6.744015961885452271e-02
1.674278527498245239e-01
3.965233862400054932e-01
8.468288183212280273e-01
1.079326033592224121e+00
8.549205660820007324e-01
5.561429262161254883e-01
1.174262762069702148e+00
6.478841900825500488e-01
7.058667540550231934e-01
9.204795360565185547e-01
8.098230361938476562e-01
9.069760441780090332e-01
5.461441278457641602e-01
5.582045316696166992e-01
6.046936511993408203e-01
1.393668770790100098e+00
2.146900892257690430e-01
5.683578848838806152e-01
-2.992157638072967529e-01
-4.245611727237701416e-01
-2.570044696331024170e-01
-1.074635863304138184e+00
9.233400225639343262e-02
4.761012196540832520e-01
2.073198556900024414e-01
3.901839554309844971e-01
6.447402834892272949e-01
9.929963946342468262e-01
4.338899254798889160e-01
-3.504723608493804932e-01
-3.368142247200012207e-01
-1.023843139410018921e-01
-8.156213164329528809e-02
1.670155376195907593e-01
-1.046005338430404663e-01
-2.077064067125320435e-01
-6.622638702392578125e-01
7.735903859138488770e-01
3.512712121009826660e-01
4.478057324886322021e-01
6.525228023529052734e-01
6.303606033325195312e-01
1.079326033592224121e+00
1.030414462089538574e+00
5.708833932876586914e-01
-2.596330046653747559e-01
-3.769896924495697021e-01
-5.815779566764831543e-01
-1.030491828918457031e+00
-1.161351919174194336e+00
-1.459897756576538086e+00
-1.484173059463500977e+00
-6.054925322532653809e-01
-9.570987522602081299e-02
1.101153194904327393e-01
1.239409327507019043e+00
1.147410392761230469e+00
1.829852223396301270e+00
-1.873223185539245605e-01
1.423871159553527832e+00
1.058091521263122559e+00
1.059122323989868164e+00
1.106307208538055420e-01
4.805336594581604004e-01
6.368030905723571777e-01
3.730211257934570312e-01
8.404378294944763184e-01
8.160594105720520020e-01
1.204413652420043945e+00
1.007479190826416016e+00
9.017189741134643555e-01
9.820699095726013184e-01
6.928271055221557617e-01
1.220906496047973633e+00
5.623792409896850586e-01
3.608061373233795166e-01
3.408086001873016357e-01
-7.548298239707946777e-01
-7.240088582038879395e-01
-1.706877589225769043e+00
-1.493733763694763184e+00
-6.057760119438171387e-01
-6.793751716613769531e-01
2.347649261355400085e-02
-5.045771002769470215e-01
-1.512700468301773071e-01
2.994219362735748291e-01
3.248311579227447510e-01
1.389262080192565918e-01
6.550998091697692871e-01
1.101539731025695801e+00
1.134628415107727051e+00
1.033455371856689453e+00
1.276208996772766113e+00
5.666055679321289062e-01
-5.897470116615295410e-01
-6.208514571189880371e-01
-9.063317775726318359e-01
-7.257869839668273926e-01
-2.004856348037719727e+00
-1.678195595741271973e+00
-1.137901186943054199e+00
-8.439940810203552246e-01
-4.888316094875335693e-01
6.657686233520507812e-01
-9.763231873512268066e-01
5.997458100318908691e-01
1.225081205368041992e+00
8.223472833633422852e-01
1.180499076843261719e+00
6.878277659416198730e-01
6.157747507095336914e-01
6.817460060119628906e-01
2.020627707242965698e-01
3.603937923908233643e-01
-4.291224777698516846e-01
-1.152177825570106506e-01
-8.544825315475463867e-01
-1.187998175621032715e+00
-1.446755051612854004e+00
-3.153117179870605469e+00
-9.490069746971130371e-01
-5.539009571075439453e-01
-7.592107057571411133e-01
-1.585371941328048706e-01
4.212625920772552490e-01
1.904147118330001831e-01
1.193229436874389648e+00
3.610638380050659180e-01
4.527020454406738281e-01
-4.835229814052581787e-01
-5.907263159751892090e-01
-2.732395827770233154e-01
-1.792099118232727051e+00
-4.311067461967468262e-01
-8.893493413925170898e-01
-8.008551001548767090e-01
-9.777663350105285645e-01
-1.483812332153320312e+00
-1.354189038276672363e+00
-9.647008776664733887e-01
-5.575345158576965332e-01
-4.217006862163543701e-01
-1.721437722444534302e-01
-3.874265551567077637e-01
1.772204637527465820e-01
-2.112884372472763062e-01
-6.768239736557006836e-01
-3.937659859657287598e-01
-3.946679532527923584e-01
-4.992426931858062744e-01
2.526235580444335938e-01
5.966534018516540527e-01
7.614784836769104004e-01
1.531126022338867188e+00
1.468041062355041504e+00
9.464041590690612793e-01
3.896170258522033691e-01
-1.920897662639617920e-01
-2.841402888298034668e-01
-2.370842359960079193e-02
2.140200585126876831e-01
5.049636363983154297e-01
9.624846577644348145e-01
1.392895698547363281e+00
1.579212903976440430e+00
1.502005934715270996e+00
1.256417632102966309e+00
1.495975732803344727e+00
3.724026381969451904e-01
4.093053042888641357e-01
-3.405251204967498779e-01
-2.222407013177871704e-01
3.927609622478485107e-01
9.644947648048400879e-01
7.382854819297790527e-01
-1.407301127910614014e-01
-5.137718200683593750e+00
-6.265981793403625488e-01
-1.038712382316589355e+00
-8.328614830970764160e-01
-1.651291728019714355e+00
-8.393297195434570312e-01
-6.834726333618164062e-01
-7.104280591011047363e-01
-3.244446218013763428e-01
-2.032481878995895386e-01
-2.472247362136840820e+00
-5.589518547058105469e-01
-9.124135375022888184e-01
-2.590660750865936279e-01
-1.459356546401977539e-01
2.792182266712188721e-01
6.515435576438903809e-01
-2.820529341697692871e-01
-1.989961415529251099e-01
-7.947475910186767578e-01
-1.204181790351867676e+00
-1.080717563629150391e+00
-7.958041429519653320e-01
-1.281543374061584473e-01
-3.131573498249053955e-01
1.603127479553222656e+00
5.635646581649780273e-01
9.327976107597351074e-01
1.303009748458862305e+00
1.136844635009765625e+00
1.473555803298950195e+00
6.649439930915832520e-01
1.302133560180664062e+00
1.253685951232910156e+00
1.421809673309326172e+00
1.413408637046813965e+00
1.066750168800354004e+00
1.353699415922164917e-01
2.045366913080215454e-01
-3.039059042930603027e-01
-7.017177939414978027e-01
-1.038428902626037598e+00
-3.475345671176910400e-01
-7.106084227561950684e-01
6.808183193206787109e-01
-4.751735031604766846e-01
2.448925524950027466e-01
1.588722020387649536e-01
1.058452248573303223e+00
4.175517261028289795e-01
3.817313909530639648e-01
-7.563502341508865356e-02
-1.025389283895492554e-01
-3.176413476467132568e-01
-4.423682689666748047e-01
1.936102062463760376e-01
-8.175024986267089844e-01
1.575321704149246216e-01
-1.783285848796367645e-02
5.258373618125915527e-01
6.358238458633422852e-01
1.958779692649841309e-01
1.142256379127502441e+00
1.006396770477294922e+00
1.316719412803649902e+00
1.348416566848754883e+00
1.157718420028686523e+00
1.025621294975280762e+00
8.657955527305603027e-01
5.398562550544738770e-01
2.115976810455322266e-01
-1.778131700120866299e-03
-3.265320062637329102e-01
-4.115730822086334229e-01
-2.816406190395355225e-01
-4.171651601791381836e-01
-7.145255208015441895e-01
-6.105176806449890137e-01
-9.551144838333129883e-01
-1.125686287879943848e+00
-8.850972652435302734e-01
-7.071552872657775879e-01
2.151024043560028076e-01
1.198306214064359665e-02
-4.574179649353027344e-02
6.996304392814636230e-01
3.413755297660827637e-01
2.096906900405883789e-01
-7.651120424270629883e-02
2.436040490865707397e-01
-1.068889141082763672e+00
-5.606784224510192871e-01
2.358730435371398926e-01
2.630861997604370117e-01
-6.988315582275390625e-01
-1.857761144638061523e-01
-6.937806010246276855e-01
-8.891689777374267578e-01
-2.043537139892578125e+00
-2.010706186294555664e+00
-2.440215349197387695e+00
-1.528239846229553223e+00
-1.396219968795776367e+00
-2.114172875881195068e-01
1.341329813003540039e-01
6.806637048721313477e-01
1.535610079765319824e+00
1.271261096000671387e+00
1.068090200424194336e+00
1.146070361137390137e+00
3.964203000068664551e-01
7.055059671401977539e-01
8.185333013534545898e-01
1.113806247711181641e+00
3.162239789962768555e-01
2.541697621345520020e-01
7.713226079940795898e-01
5.311459898948669434e-01
1.287728101015090942e-01
-8.120135217905044556e-02
-2.725437879562377930e-01
-3.937402069568634033e-01
-1.335660368204116821e-01
-1.679690331220626831e-01
-1.169443726539611816e-01
2.046397775411605835e-01
5.898758769035339355e-02
2.856607437133789062e-01
2.486549764871597290e-01
4.744519293308258057e-01
9.798021316528320312e-01
1.839851021766662598e+00
1.556896090507507324e+00
1.554473757743835449e+00
1.498191952705383301e+00
1.033764600753784180e+00
9.892339706420898438e-01
7.079799175262451172e-01
5.812429189682006836e-01
8.253881335258483887e-01
4.542482495307922363e-01
-1.117955207824707031e+00
-6.569037437438964844e-01
-3.222799301147460938e-01
-5.104268789291381836e-01
1.717391848564147949e+00
-6.069614291191101074e-01
5.794905424118041992e-01
-4.574179649353027344e-02
1.004773303866386414e-01
7.331572473049163818e-02
3.250888586044311523e-01
1.277935504913330078e-01
4.025020301342010498e-01
5.068190693855285645e-01
-1.046804189682006836e+00
-1.079764030873775482e-02
-1.880696415901184082e-01
4.852495715022087097e-02
-7.234418988227844238e-01
8.331449329853057861e-02
1.410393565893173218e-01
2.005165666341781616e-01
-7.369969487190246582e-01
-1.142127513885498047e+00
-3.954925835132598877e-01
-7.175148129463195801e-01
-1.416320651769638062e-01
3.369430899620056152e-01
2.723891660571098328e-02
-4.259785115718841553e-01
-8.645585775375366211e-01
-8.398193717002868652e-01
-1.732982635498046875e+00
-2.304072141647338867e+00
-2.805685758590698242e+00
-2.210398197174072266e+00
-1.348648548126220703e+00
-1.361817002296447754e+00
-7.754200696945190430e-02
-6.501262187957763672e-01
-1.680205613374710083e-01
-2.164682187139987946e-02
-4.592991769313812256e-01
-1.889200508594512939e-01
-1.133546113967895508e+00
-1.516823768615722656e-01
-1.232915282249450684e+00
-1.425082385540008545e-01
9.779982566833496094e-01
5.303213596343994141e-01
6.061367988586425781e-01
-1.207841113209724426e-01
2.429855763912200928e-01
1.671186089515686035e-01
1.445054173469543457e+00
3.713460639119148254e-02
-1.726591726765036583e-03
-8.588376641273498535e-01
-8.960238099098205566e-01
-1.050154328346252441e+00
-8.957660794258117676e-01
-3.091630041599273682e-01
-6.286082267761230469e-01
-2.339918315410614014e-01
-1.791016757488250732e-02
-5.014846846461296082e-02
-4.094856977462768555e-01
2.037635892629623413e-01
9.073626250028610229e-02
7.291113138198852539e-01
1.003613591194152832e+00
7.596230506896972656e-01
1.033558368682861328e+00
8.949671983718872070e-01
1.028249740600585938e+00
2.647792816162109375e+00
8.109569549560546875e-01
1.385164618492126465e+00
1.240027904510498047e+00
1.167820215225219727e+00
1.355941414833068848e+00
1.218844890594482422e+00
1.028198242187500000e+00
1.189724802970886230e+00
1.122619628906250000e+00
8.755881786346435547e-01
9.759366512298583984e-01
1.465979456901550293e+00
1.419284105300903320e+00
1.305174469947814941e+00
1.931746840476989746e+00
1.536022424697875977e+00
1.905203700065612793e+00
9.188302755355834961e-01
1.808978438377380371e+00
1.731565356254577637e+00
1.737801671028137207e+00
5.016651153564453125e-01
1.003665208816528320e+00
2.856091856956481934e-01
-4.755600392818450928e-01
-2.900674045085906982e-01
-1.761097788810729980e+00
-1.587459325790405273e+00
-1.427221298217773438e+00
-1.062420845031738281e+00
-5.000157952308654785e-01
-1.371996104717254639e-01
3.914466872811317444e-02
-1.393050312995910645e+00
3.547244071960449219e-01
1.126536607742309570e+00
2.292063474655151367e+00
8.742480874061584473e-01
1.105920672416687012e+00
1.293062567710876465e+00
1.351148247718811035e+00
4.890893101692199707e-01
6.642739176750183105e-01
1.368723392486572266e+00
5.663993954658508301e-01
3.174609541893005371e-01
4.756373465061187744e-01
1.623511686921119690e-02
-6.621865630149841309e-01
-3.299593925476074219e-01
-1.440286785364151001e-01
1.971406862139701843e-02
-4.979799687862396240e-01
-5.941279530525207520e-01
4.507177323102951050e-02
-2.111853659152984619e-01
-5.775578022003173828e-01
-6.428848505020141602e-01
-1.427427530288696289e+00
-2.524689435958862305e-01
6.563625484704971313e-02
5.496746301651000977e-02
7.627669572830200195e-01
1.757026076316833496e+00
1.244872570037841797e+00
6.324222087860107422e-01
2.492219209671020508e-01
-3.313767611980438232e-01
-2.553551793098449707e-01
-3.023339271545410156e+00
-9.577172398567199707e-01
-5.649304986000061035e-01
-8.099003434181213379e-01
-7.770693302154541016e-01
-1.127593278884887695e+00
-9.702672362327575684e-01
-1.494944930076599121e+00
-1.462835550308227539e+00
-1.290279388427734375e+00
-9.240100383758544922e-01
-9.635154604911804199e-01
-1.008071899414062500e+00
-6.909201741218566895e-01
-8.815925568342208862e-02
3.715264499187469482e-01
1.883015781641006470e-01
5.019227862358093262e-01
1.003974437713623047e+00
2.857122719287872314e-01
4.115730822086334229e-01
-1.162356972694396973e+00
-1.372666120529174805e+00
-1.292289495468139648e+00
-1.363363146781921387e+00
-6.756900548934936523e-01
-1.870981216430664062e+00
-1.089840173721313477e+00
-1.001062393188476562e+00
-1.307957649230957031e+00
-1.436550021171569824e+00
6.104661226272583008e-01
-5.990242362022399902e-01
5.617865361273288727e-03
1.141869798302650452e-01
2.717449069023132324e-01
6.252065896987915039e-01
5.976842045783996582e-01
1.326898634433746338e-01
2.987518906593322754e-01
-1.051159381866455078e+00
-1.091901779174804688e+00
-1.770478010177612305e+00
-9.240100383758544922e-01
-1.155862927436828613e+00
-1.025183200836181641e+00
-1.308369994163513184e+00
-3.900551199913024902e-01
2.537574470043182373e-01
8.847107291221618652e-01
1.068682968616485596e-01
1.687163561582565308e-01
3.685886859893798828e-01
-2.240703821182250977e+00
-3.308098316192626953e-01
3.958018124103546143e-01
4.240457713603973389e-01
7.059183120727539062e-01
6.790659427642822266e-01
6.864877343177795410e-01
-9.622527658939361572e-02
6.395862698554992676e-01
9.064606428146362305e-01
9.409924745559692383e-01
7.641585469245910645e-01
9.875847101211547852e-01
7.942064404487609863e-01
3.180794119834899902e-01
4.925425052642822266e-01
4.830591380596160889e-01
1.143957257270812988e+00
1.566224813461303711e+00
1.136690020561218262e+00
1.518704891204833984e+00
1.354240655899047852e+00
2.082862377166748047e+00
4.533900737762451172e+00
2.434004783630371094e+00
1.791712522506713867e+00
2.446838140487670898e+00
1.927829861640930176e+00
1.317904829978942871e+00
1.354601383209228516e+00
6.570583581924438477e-01
7.224110960960388184e-01
8.208010792732238770e-01
6.303606033325195312e-01
6.157231926918029785e-01
4.461564421653747559e-01
5.143439173698425293e-01
3.496219217777252197e-01
5.636677742004394531e-01
2.644262313842773438e-01
-1.980168819427490234e-01
-4.937537014484405518e-02
1.559859663248062134e-01
7.444960623979568481e-02
-2.682221651077270508e+00
6.218565106391906738e-01
-6.152593493461608887e-01
7.416871190071105957e-01
9.254273772239685059e-01
9.155832529067993164e-01
1.296515703201293945e+00
1.005829811096191406e+00
8.700733780860900879e-01
1.394338726997375488e+00
5.335168242454528809e-01
6.451525688171386719e-01
1.252242803573608398e+00
3.850299417972564697e-01
-3.222799301147460938e-01
2.523658573627471924e-01
4.839868545532226562e-01
2.207202613353729248e-01
1.433586478233337402e-01
-1.063271239399909973e-01
4.304367303848266602e-01
-1.333238005638122559e+00
3.884831368923187256e-01
4.612061381340026855e-01
5.950556397438049316e-01
-5.406293869018554688e-01
-7.238026857376098633e-01
-5.490819215774536133e-01
-1.511515021324157715e+00
-1.255824923515319824e+00
-1.196579575538635254e+00
-3.878388702869415283e-01
-8.366238474845886230e-01
1.396091103553771973e+00
-6.222172379493713379e-01
-2.969119310379028320e+00
-2.608442008495330811e-01
-7.359919548034667969e-01
-6.721080541610717773e-01
-1.153105616569519043e+00
-9.087284207344055176e-01
-9.800856113433837891e-01
-4.793997704982757568e-01
-5.454999208450317383e-01
-6.867711991071701050e-02
-6.973884105682373047e-01
-4.428836703300476074e-01
-7.913717031478881836e-01
2.407178133726119995e-01
-7.397285699844360352e-01
3.159147500991821289e-01
-6.197690963745117188e-01
-1.916516721248626709e-01
-4.384512007236480713e-01
-2.686834335327148438e+00
-1.033249139785766602e+00
-9.813225865364074707e-01
-4.782916605472564697e-01
-5.422528982162475586e-01
-9.605261683464050293e-01
-8.901482224464416504e-01
-8.735007643699645996e-01
-8.223730325698852539e-01
-2.349968552589416504e-01
-4.487592279911041260e-01
1.016601681709289551e+00
-3.042151629924774170e-01
-8.496893048286437988e-01
-1.020286798477172852e+00
-4.858680665493011475e-01
-1.106874108314514160e+00
-1.232219576835632324e+00
-8.888339400291442871e-01
-5.941279530525207520e-01
-7.648285627365112305e-01
-5.032112598419189453e-01
-2.208233475685119629e-01
-3.236715197563171387e-01
1.810344308614730835e-01
4.475995600223541260e-01
-1.312725096940994263e-01
-5.411705351434648037e-04
-1.252423226833343506e-02
-6.347157359123229980e-01
-5.002219676971435547e-01
-3.347783982753753662e-01
6.233769282698631287e-02
-2.155147194862365723e-01
-2.637304365634918213e-01
-2.113142050802707672e-02
3.258104324340820312e-01
7.444702386856079102e-01
5.811913609504699707e-01
9.242935180664062500e-01
5.426394343376159668e-01
2.359245866537094116e-01
-4.802244305610656738e-01
1.416062861680984497e-01
-8.315986990928649902e-01
-5.144985318183898926e-01
-5.212735176086425781e+00
4.818221628665924072e-01
8.352838158607482910e-01
8.298205733299255371e-01
6.781381964683532715e-01
6.905078291893005371e-01
-4.740396022796630859e+00
1.029486775398254395e+00
4.603299796581268311e-01
-1.920897662639617920e-01
-3.773247003555297852e-01
-7.173344492912292480e-01
-7.302194237709045410e-01
-1.262344717979431152e+00
-9.838480353355407715e-01
-8.730626702308654785e-01
-8.000304698944091797e-01
-4.454348981380462646e-01
7.126700282096862793e-01
3.680732846260070801e-01
1.165707111358642578e+00
1.481080651283264160e+00
1.690436363220214844e+00
1.311462402343750000e+00
1.343004822731018066e+00
1.286980867385864258e+00
5.434640645980834961e-01
3.754434883594512939e-01
-5.970915034413337708e-02
-2.835218310356140137e-01
-2.658951282501220703e-01
-6.540948152542114258e-01
-6.019877791404724121e-01
-3.514000773429870605e-01
-5.052986741065979004e-01
-2.253846377134323120e-01
-3.334383666515350342e-01
2.631377279758453369e-01
3.154508769512176514e-01
5.206833481788635254e-01
2.630346417427062988e-01
1.133442997932434082e+00
8.936271667480468750e-01
7.957526445388793945e-01
2.964326143264770508e-01
1.212711572647094727e+00
3.696194887161254883e-01
-2.577260136604309082e-01
-5.251930952072143555e-01
-4.532174468040466309e-01
5.109422802925109863e-01
5.295997858047485352e-01
-5.311202257871627808e-02
3.073590993881225586e-01
-7.398316860198974609e-01
-1.043608665466308594e+00
-5.596476197242736816e-01
9.089087694883346558e-02
1.416578292846679688e-01
8.171675354242324829e-02
1.212479695677757263e-01
5.527412891387939453e-01
4.895531833171844482e-01
-2.119842320680618286e-01
1.337644696235656738e+00
-4.136089235544204712e-02
8.644039630889892578e-01
1.134834647178649902e+00
8.020920157432556152e-01
6.307728886604309082e-01
1.164160847663879395e+00
1.336150050163269043e+00
2.041269540786743164e+00
1.181890726089477539e+00
1.708320736885070801e+00
1.036083817481994629e+00
5.723264813423156738e-01
2.752496302127838135e-01
2.750434875488281250e-01
-4.275247082114219666e-02
-3.405251204967498779e-01
-5.838199257850646973e-01
6.836787611246109009e-02
2.174217104911804199e-01
-1.972695440053939819e-01
-2.372697830200195312e+00
-9.169232845306396484e-01
-8.729596138000488281e-01
-4.877750277519226074e-01
-6.442506313323974609e-01
-4.245611727237701416e-01
-1.950533241033554077e-01
-1.133881160058081150e-03
3.390562236309051514e-01
4.235303699970245361e-01
7.867846488952636719e-01
2.569529116153717041e-01
4.580622017383575439e-01
6.308244466781616211e-01
7.502427697181701660e-01
9.098107218742370605e-01
1.572306513786315918e+00
1.521591186523437500e+00
9.722772836685180664e-01
7.838984131813049316e-01
8.623423576354980469e-01
-7.540309429168701172e-02
3.527916595339775085e-02
-2.764866054058074951e-01
-3.931990563869476318e-01
-5.692598596215248108e-02
1.439255923032760620e-01
7.207876443862915039e-02
-7.383112609386444092e-02
-8.754077553749084473e-02
-7.426921129226684570e-01
2.762289047241210938e-01
2.795274555683135986e-01
7.450887560844421387e-01
6.021166443824768066e-01
6.893224120140075684e-01
7.098353505134582520e-01
8.275012969970703125e-01
1.130247592926025391e+00
1.145709514617919922e+00
1.443250298500061035e+00
1.489765197038650513e-01
5.340322256088256836e-01
-5.682290792465209961e-01
-7.508612275123596191e-01
-6.910489797592163086e-01
-1.185008883476257324e+00
-9.662470817565917969e-01
-2.785430431365966797e+00
-6.597126275300979614e-02
3.680217266082763672e-01
-3.788193687796592712e-03
4.909189790487289429e-02
3.012773692607879639e-01
7.728430628776550293e-02
1.679432541131973267e-01
6.216503381729125977e-01
1.654693335294723511e-01
1.905255317687988281e+00
1.865105628967285156e+00
1.694353461265563965e+00
1.785682320594787598e+00
1.621321201324462891e+00
9.615569710731506348e-01
3.486426770687103271e-01
-1.082315325736999512e+00
-2.866322517395019531e+00
-1.151456236839294434e+00
-1.600060939788818359e+00
-2.293532192707061768e-01
-8.786547780036926270e-01
-9.581037759780883789e-01
-1.251882076263427734e+00
-1.061235427856445312e+00
-1.368749141693115234e+00
-2.234518975019454956e-01
-1.159780025482177734e+00
-8.194610476493835449e-01
-1.905074954032897949e+00
-1.748109698295593262e+00
-1.407893776893615723e+00
-1.638896346092224121e+00
-1.660465836524963379e+00
-2.638850547373294830e-02
-5.914478302001953125e-01
5.696464180946350098e-01
1.199775099754333496e+00
-6.599703431129455566e-02
4.960729926824569702e-02
-8.828810453414916992e-01
-1.420881867408752441e+00
-9.041413664817810059e-01
-1.568595647811889648e+00
-2.030446052551269531e+00
-1.495975732803344727e+00
-1.609544277191162109e+00
-2.221994638442993164e+00
-1.129190921783447266e+00
1.641473293304443359e+00
-1.388643622398376465e+00
-1.234332680702209473e+00
1.827842116355895996e+00
-7.019497156143188477e-01
-8.629866242408752441e-01
-2.508712053298950195e+00
-1.047989606857299805e+00
4.864607751369476318e-01
7.893358916044235229e-02
4.147170186042785645e-01
8.065760135650634766e-01
1.175808906555175781e+00
1.295124173164367676e+00
1.398565053939819336e+00
1.299247384071350098e+00
8.823398947715759277e-01
2.451502531766891479e-01
7.867330908775329590e-01
6.944248676300048828e-01
2.023720145225524902e-01
-4.463368356227874756e-01
-5.068448781967163086e-01
-7.612207531929016113e-01
-1.364393949508666992e+00
-3.475087881088256836e-01
-1.590010523796081543e-01
-8.843241930007934570e-01
-8.305163979530334473e-01
-7.845426797866821289e-01
-2.452275604009628296e-01
-1.015004038810729980e+00
-8.650739789009094238e-01
-4.382708370685577393e-01
-1.013019680976867676e-01
-1.001165509223937988e-01
1.865749806165695190e-02
3.964203000068664551e-01
9.480534791946411133e-01
3.057098090648651123e-01
6.516466140747070312e-01
1.154986739158630371e+00
1.221628069877624512e+00
8.886277675628662109e-01
-1.044201403856277466e-01
1.209387332201004028e-01
-5.617865547537803650e-02
-8.003911972045898438e-01
-2.045109272003173828e+00
-8.440713882446289062e-01
-3.667074441909790039e-02
6.012146919965744019e-02
7.851868867874145508e-01
9.134185314178466797e-01
8.626515865325927734e-01
9.675356149673461914e-01
1.809313446283340454e-01
4.218553006649017334e-02
1.000521183013916016e+00
6.072706580162048340e-01
-2.824394702911376953e-01
3.812675178050994873e-01
2.651478052139282227e-01
-5.347537994384765625e-01
-3.077198863029479980e-01
1.234126538038253784e-01
6.074252724647521973e-01
5.468141436576843262e-01
3.262743055820465088e-01
8.246665596961975098e-01
9.531043767929077148e-01
5.832014679908752441e-01
-6.705360859632492065e-02
-6.225007176399230957e-01
-9.762201309204101562e-01
-6.472141742706298828e-01
-3.733045756816864014e-01
3.378192782402038574e-01
-4.796059429645538330e-01
-2.823106348514556885e-01
-7.208391427993774414e-01
-1.594649106264114380e-01
-3.314798474311828613e-01
1.375346332788467407e-01
-2.863049805164337158e-01
1.711387336254119873e-01
1.303963270038366318e-02
2.099999338388442993e-01
-1.168670654296875000e-01
6.642739176750183105e-01
6.713349223136901855e-01
4.974387884140014648e-01
5.596476197242736816e-01
1.037887811660766602e+00
3.402931988239288330e-01
2.584991157054901123e-01
-1.925046682357788086e+00
-2.726468741893768311e-01
-2.870780788362026215e-02
1.242888346314430237e-01
4.181469917297363281e+00
7.008158564567565918e-01
5.887162089347839355e-01
3.995127081871032715e-01
7.917840480804443359e-01
9.053782820701599121e-01
8.100292086601257324e-01
3.213522210717201233e-02
5.728676542639732361e-02
-6.741954088211059570e-01
-5.526639819145202637e-01
-1.242630600929260254e+00
-8.449733853340148926e-01
-1.112595081329345703e+00
-1.522956967353820801e+00
-1.170603394508361816e+00
-1.227916002273559570e+00
-2.333011865615844727e+00
-2.310231208801269531e+00
-2.069565057754516602e+00
-2.588702201843261719e+00
-1.955764532089233398e+00
-1.832300305366516113e+00
-3.697096586227416992e+00
-2.142803430557250977e+00
-2.147029638290405273e+00
-2.647406339645385742e+00
-2.474515199661254883e+00
-9.928933382034301758e-01
-2.327935218811035156e+00
-2.119043350219726562e+00
4.779051244258880615e-01
-8.143327832221984863e-01
-7.792855501174926758e-01
-3.884831368923187256e-01
-7.918871045112609863e-01
3.765773773193359375e-01
-6.231449842453002930e-01
1.892292946577072144e-01
6.433486938476562500e-01
1.421242713928222656e+00
1.002531290054321289e+00
1.008097648620605469e+00
1.263839364051818848e+00
7.831252813339233398e-01
7.963711023330688477e-01
4.682671427726745605e-01
7.989996671676635742e-01
2.792182266712188721e-01
1.809828877449035645e-01
2.936494350433349609e-01
1.845391541719436646e-01
-4.929548203945159912e-01
3.694133162498474121e-01
-5.566325411200523376e-02
-2.542058467864990234e+00
-2.716933786869049072e-01
-6.271651387214660645e-01
-6.836787462234497070e-01
-4.491715431213378906e-01
-1.203846693038940430e+00
-8.551267385482788086e-01
2.595041505992412567e-02
3.376646339893341064e-01
2.796305418014526367e-01
6.460287570953369141e-01
8.662078380584716797e-01
7.089591622352600098e-01
1.338778614997863770e+00
6.058275103569030762e-01
1.200032830238342285e+00
1.117362499237060547e+00
1.633020758628845215e+00
1.182766914367675781e+00
1.439951658248901367e+00
1.392277121543884277e+00
1.411140799522399902e+00
1.061905384063720703e+00
1.177767515182495117e+00
5.865515470504760742e-01
-3.483591973781585693e-01
-8.080191612243652344e-01
-1.096463084220886230e+00
-5.700072050094604492e-01
-1.046829938888549805e+00
-5.888193249702453613e-01
2.277297079563140869e-01
-2.621327042579650879e-01
8.964619040489196777e-01
4.227572679519653320e-01
6.431940793991088867e-01
4.710502922534942627e-01
-2.423413246870040894e-01
-4.714110791683197021e-01
-6.069871783256530762e-01
-1.016627550125122070e+00
-7.619423270225524902e-01
-1.187637448310852051e+00
-1.633201122283935547e+00
-1.030620574951171875e+00
-9.653967022895812988e-01
-5.889996886253356934e-01
-3.491580784320831299e-01
-4.740653932094573975e-01
-5.989984869956970215e-01
-5.959060788154602051e-01
-5.509631633758544922e-01
2.685983896255493164e+00
-5.447783470153808594e-01
-1.354859113693237305e+00
-1.739528298377990723e+00
-7.329252958297729492e-01
-1.723241657018661499e-01
-3.526885807514190674e-01
9.960114955902099609e-02
6.367773562669754028e-02
8.669294118881225586e-01
7.133916020393371582e-01
4.055944383144378662e-01
1.012504324316978455e-01
7.268950939178466797e-01
-2.912270724773406982e-01
-5.546224713325500488e-01
-8.683467507362365723e-01
-1.452707886695861816e+00
-2.000088930130004883e+00
-1.552772879600524902e+00
-1.587845921516418457e+00
-1.734683513641357422e+00
-1.418124556541442871e+00
-8.356446027755737305e-01
-8.515447378158569336e-01
-2.457171976566314697e-01
1.734064966440200806e-01
1.286181956529617310e-01
-3.108638226985931396e-01
-4.115730822086334229e-01
-8.673933148384094238e-01
-6.689125299453735352e-01
-1.129062175750732422e+00
-8.187394738197326660e-01
-8.929314017295837402e-01
-1.070564150810241699e+00
-1.115687489509582520e+00
-1.711851239204406738e+00
-1.451264739036560059e+00
-1.630314946174621582e+00
-1.103678703308105469e+00
-4.909963011741638184e-01
-9.614796638488769531e-01
-7.926344275474548340e-01
-4.350753426551818848e-01
-1.218767642974853516e+00
-9.510943293571472168e-01
-1.449821591377258301e+00
-8.233523368835449219e-01
-6.303347945213317871e-01
-6.468276493251323700e-03
3.688979148864746094e-01
3.747734725475311279e-01
2.410270422697067261e-01
1.028481721878051758e-01
3.488488495349884033e-01
5.333622097969055176e-01
6.075798869132995605e-01
1.191837906837463379e+00
1.642761826515197754e+00
2.071162700653076172e+00
2.174088239669799805e+00
1.434540033340454102e+00
1.595911860466003418e+00
2.176613569259643555e+00
2.284280776977539062e+00
2.381897687911987305e+00
1.892679572105407715e+00
2.427768230438232422e+00
2.026168346405029297e+00
2.710723161697387695e+00
2.251965284347534180e+00
2.313297986984252930e+00
2.041836500167846680e+00
2.151977539062500000e+00
1.602663636207580566e+00
1.214360952377319336e+00
9.397554993629455566e-01
4.342249408364295959e-02
-4.439660012722015381e-01
-1.170139551162719727e+00
-1.283604979515075684e+00
-1.348880410194396973e+00
-9.114084839820861816e-01
-1.608307361602783203e-01
-1.123057678341865540e-01
8.723926544189453125e-01
8.265220522880554199e-01
1.380422949790954590e+00
1.194724202156066895e+00
1.271261096000671387e+00
1.737904787063598633e+00
1.909790873527526855e+00
1.348725795745849609e+00
1.100921273231506348e+00
-1.187998149544000626e-02
8.400255441665649414e-01
2.056705802679061890e-01
3.249342441558837891e-01
-1.244846820831298828e+00
2.441709935665130615e-01
6.441217660903930664e-01
4.672363400459289551e-01
3.364276885986328125e-01
6.995788812637329102e-01
2.364399880170822144e-01
7.422025203704833984e-01
-1.399312354624271393e-02
-3.859834372997283936e-01
3.905447423458099365e-01
1.878634840250015259e-02
-4.010331332683563232e-01
-9.174902439117431641e-01
-1.095303416252136230e+00
-6.766692996025085449e-01
-1.049484252929687500e+00
-1.488038539886474609e+00
-1.016060590744018555e+00
-7.455010414123535156e-01
-9.983565807342529297e-01
-7.765024304389953613e-01
-8.985492587089538574e-01
-1.275255441665649414e+00
-9.472803473472595215e-01
-1.727029800415039062e+00
-2.146230697631835938e+00
-5.057109594345092773e-01
-1.994831919670104980e+00
-2.148086309432983398e+00
-7.232872843742370605e-01
-3.542347848415374756e-01
-2.899643182754516602e-01
-5.873246788978576660e-01
-2.854803502559661865e-01
-5.356815457344055176e-01
-6.423951983451843262e-01
-6.823387145996093750e-01
-8.254654407501220703e-01
-6.563883423805236816e-01
-5.700329542160034180e-01
-6.552802324295043945e-01
-5.845930576324462891e-01
-9.554494619369506836e-01
1.107776045799255371e+00
-1.485796570777893066e+00
-4.209043979644775391e+00
-1.597999334335327148e+00
-1.669871926307678223e+00
-2.017818689346313477e+00
-1.594546079635620117e+00
-5.767331719398498535e-01
-1.190935969352722168e+00
-6.414417028427124023e-01
-2.925155460834503174e-01
-3.531524240970611572e-01
-1.820909976959228516e-01
1.573775410652160645e-01
7.666324973106384277e-01
2.783935964107513428e-01
3.914466872811317444e-02
5.607815384864807129e-01
1.040464758872985840e+00
7.513766288757324219e-01
1.020673394203186035e+00
8.394585847854614258e-01
1.240311339497566223e-01
6.636039018630981445e-01
7.304513454437255859e-01
1.310483098030090332e+00
5.815006494522094727e-01
6.431425213813781738e-01
-4.514908418059349060e-02
4.244323074817657471e-02
-3.641562163829803467e-01
3.685113741084933281e-03
-3.852361142635345459e-01
-1.123830825090408325e-01
2.281935811042785645e-01
1.684071123600006104e-01
6.513889431953430176e-01
9.791321158409118652e-01
1.154059052467346191e+00
1.489481687545776367e+00
1.977462887763977051e+00
1.059998512268066406e+00
1.261159300804138184e+00
7.442125678062438965e-01
3.367884755134582520e-01
1.525327861309051514e-01
-2.192771434783935547e-01
-2.303582578897476196e-01
-4.016773998737335205e-01
-8.720834255218505859e-01
-1.567075252532958984e+00
-9.460176527500152588e-02
-8.960753083229064941e-01
-3.822983205318450928e-01
2.208491228520870209e-02
9.119754433631896973e-01
5.018197298049926758e-01
1.041907906532287598e+00
1.130556821823120117e+00
1.596169590950012207e+00
1.425314307212829590e+00
-5.087776184082031250e-01
1.462474703788757324e+00
1.491130948066711426e+00
9.863477349281311035e-01
1.514478683471679688e+00
1.830831408500671387e+00
2.127856731414794922e+00
1.805731415748596191e+00
1.356147646903991699e+00
5.473811030387878418e-01
6.217018365859985352e-01
5.404232144355773926e-01
-8.353353738784790039e-01
-8.427313566207885742e-01
-8.445352911949157715e-01
-1.614955902099609375e+00
-1.805808782577514648e+00
-1.750300168991088867e+00
-1.556715726852416992e+00
-1.323728919029235840e+00
-1.313446640968322754e+00
-1.433663845062255859e+00
-1.514220952987670898e+00
-8.864115476608276367e-01
-9.503985643386840820e-01
-9.863219261169433594e-01
-7.334664463996887207e-01
-8.672901988029479980e-01
-1.069816827774047852e+00
2.237611263990402222e-01
-5.092414617538452148e-01
3.558840602636337280e-02
3.875038623809814453e-01
1.351637840270996094e-01
4.659993648529052734e-01
3.979149758815765381e-01
5.716564655303955078e-01
4.698133468627929688e-01
-3.222799301147460938e-01
-1.220468431711196899e-01
3.531266450881958008e-01
-5.656520649790763855e-02
-2.341464459896087646e-01
2.517989277839660645e-01
8.924160152673721313e-02
1.381531059741973877e-01
-3.441586792469024658e-01
2.495826929807662964e-01
4.857649654150009155e-02
2.804552018642425537e-01
1.260927319526672363e-01
4.397654831409454346e-01
6.809213757514953613e-01
2.138654440641403198e-01
-1.785089671611785889e-01
3.048336207866668701e-01
4.244580864906311035e-01
2.702502608299255371e-01
-4.581652879714965820e-01
1.458454608917236328e+00
4.831621944904327393e-01
1.355245709419250488e-01
2.359245866537094116e-01
3.993580937385559082e-01
3.549305498600006104e-01
7.443156242370605469e-01
2.534997463226318359e-01
9.604746103286743164e-01
5.326921939849853516e-01
2.161847501993179321e-01
8.718772530555725098e-01
7.063306570053100586e-01
6.895285844802856445e-01
5.658324360847473145e-01
7.701371908187866211e-01
6.960226297378540039e-01
5.706256628036499023e-01
8.352323174476623535e-01
9.651647806167602539e-01
7.683848738670349121e-01
7.582830190658569336e-01
6.301544308662414551e-01
-3.921682536602020264e-01
3.622492551803588867e-01
1.511927396059036255e-01
4.001311957836151123e-01
-5.970915034413337708e-02
9.983050227165222168e-01
8.675479292869567871e-01
9.618146419525146484e-01
6.677271127700805664e-01
4.762043058872222900e-01
1.369676887989044189e-01
-1.796170771121978760e-01
-5.967049598693847656e-01
-5.677651762962341309e-01
6.030186079442501068e-03
1.644127629697322845e-02
-1.162228137254714966e-01
2.003619521856307983e-01
7.131339311599731445e-01
-1.229745596647262573e-01
6.716441512107849121e-01
3.783812820911407471e-01
7.769662886857986450e-02
-4.362092316150665283e-01
-1.173257708549499512e+00
-1.213845491409301758e+00
-1.596788048744201660e+00
-1.267034888267517090e+00
-2.057066440582275391e+00
-2.620682716369628906e+00
-1.954888343811035156e+00
-8.256716132164001465e-01
-1.802999854087829590e+00
-9.658605456352233887e-01
-4.148716330528259277e-01
3.761650621891021729e-01
9.565060138702392578e-01
5.563748627901077271e-02
-1.015081331133842468e-01
-2.792955338954925537e-01
-6.058017611503601074e-01
-7.889493107795715332e-01
-5.430517196655273438e-01
-1.350864768028259277e-01
3.873234987258911133e-02
-1.472550749778747559e+00
3.913693726062774658e-01
2.852483987808227539e-01
1.771689206361770630e-01
2.039697468280792236e-01
-1.759061962366104126e-01
-1.241599842905998230e-01
-1.069894194602966309e+00
-9.576141238212585449e-01
-4.311067461967468262e-01
-3.530235886573791504e-01
-7.679467797279357910e-01
-7.326418161392211914e-01
-3.386129856109619141e+00
-5.689505934715270996e-01
-5.391862392425537109e-01
-8.557452559471130371e-01
-6.633462309837341309e-01
-9.818379767239093781e-03
5.643377900123596191e-01
-3.679701983928680420e-01
5.280278250575065613e-02
-1.228972524404525757e-01
2.159270495176315308e-01
2.173186242580413818e-01
6.728811264038085938e-01
9.122331142425537109e-01
2.408208847045898438e-01
-8.104673027992248535e-02
-1.446471512317657471e-01
-5.049894452095031738e-01
2.765896916389465332e-01
-3.491580784320831299e-01
-7.436198592185974121e-01
-7.446249127388000488e-01
-2.170866876840591431e-01
-3.648777902126312256e-01
2.797336280345916748e-01
4.989849925041198730e-01
7.164840102195739746e-01
1.330119848251342773e+00
1.531692981719970703e+00
1.644101858139038086e+00
2.680160045623779297e+00
2.736905574798583984e+00
2.512912511825561523e+00
3.092738151550292969e+00
2.786487102508544922e+00
2.405966997146606445e+00
2.165017127990722656e+00
2.436478614807128906e+00
2.110848665237426758e+00
1.449074268341064453e+00
1.141947150230407715e+00
9.956249594688415527e-01
6.322675943374633789e-01
6.027866601943969727e-01
3.821952342987060547e-01
-9.295505881309509277e-01
6.406170725822448730e-01
2.086599022150039673e-01
1.974241584539413452e-01
-6.352311372756958008e-02
2.165455222129821777e-01
1.242604851722717285e+00
-2.710233628749847412e-01
-1.365553587675094604e-01
-1.071775332093238831e-01
4.310036897659301758e-01
8.412624597549438477e-01
1.246496140956878662e-01
-2.079898715019226074e-01
-1.786378175020217896e-01
-4.043316841125488281e-02
-5.638223886489868164e-01
-8.078129887580871582e-01
-8.758201003074645996e-01
-9.589026570320129395e-01
-1.592252612113952637e+00
-1.132824540138244629e+00
-1.462603569030761719e+00
-1.785192728042602539e+00
-1.427350163459777832e+00
-3.019473850727081299e-01
-4.749415814876556396e-01
-4.053109586238861084e-01
-1.311694234609603882e-01
1.512700505554676056e-02
-3.974253237247467041e-01
-8.669552206993103027e-01
-1.160192370414733887e+00
-7.572522163391113281e-01
-1.051958203315734863e+00
-4.808429181575775146e-01
3.027977980673313141e-02
5.025928020477294922e-01
6.932910084724426270e-01
2.675186395645141602e-01
3.530235886573791504e-01
-4.941402375698089600e-01
-5.822221636772155762e-01
-7.329510450363159180e-01
-5.529989600181579590e-01
-5.240334868431091309e-01
-5.444433093070983887e-01
-3.374327123165130615e-01
-2.653024196624755859e-01
-5.782793760299682617e-01
-9.219226837158203125e-01
-1.985838115215301514e-01
-1.777616292238235474e-01
-5.766043066978454590e-01
-6.530640125274658203e-01
-7.740027308464050293e-01
-7.936394810676574707e-01
-1.190291762351989746e+00
-5.827633738517761230e-01
-5.413251519203186035e-01
-2.490028619766235352e+00
-1.438302397727966309e+00
-1.298989653587341309e+00
-1.563415884971618652e+00
-1.640287876129150391e+00
-1.489687919616699219e+00
-1.412661314010620117e+00
4.200256466865539551e-01
7.607054114341735840e-01
1.267034888267517090e+00
7.731265425682067871e-01
5.908293724060058594e-01
9.821729660034179688e-01
2.043562941253185272e-02
1.085175797343254089e-01
1.333083361387252808e-01
-2.577002644538879395e-01
-6.573418378829956055e-01
3.027977980673313141e-02
2.447894662618637085e-01
-7.746469974517822266e-02
4.154901206493377686e-01
8.058287203311920166e-02
-3.975026309490203857e-01
-7.371000647544860840e-01
-8.220380544662475586e-01
-9.752923846244812012e-01
-1.347669243812561035e+00
-1.324733972549438477e+00
-1.598849654197692871e+00
-8.285320997238159180e-01
-3.336445093154907227e-01
2.261319756507873535e-01
6.799936890602111816e-01
8.638370037078857422e-01
9.500119686126708984e-01
2.916393876075744629e-01
1.271750777959823608e-01
-1.284893453121185303e-01
-5.282855406403541565e-02
-3.202183246612548828e-01
4.631646573543548584e-01
7.424344122409820557e-02
6.701495051383972168e-01
1.069842576980590820e+00
2.741672992706298828e-01
7.729719281196594238e-01
1.080150604248046875e+00
6.844261288642883301e-01
7.465834021568298340e-01
4.127069711685180664e-01
-5.365319252014160156e-01
-4.214945435523986816e-01
-7.086241841316223145e-01
-6.586560606956481934e-01
-6.638100743293762207e-01
-7.729203701019287109e-01
1.064559742808341980e-01
8.880608677864074707e-01
1.295175671577453613e+00
1.467834830284118652e+00
1.828563690185546875e+00
3.125311374664306641e+00
1.239976286888122559e+00
1.736307024955749512e+00
1.285846948623657227e+00
1.332232952117919922e+00
1.364033222198486328e+00
9.984596371650695801e-01
2.352030277252197266e-01
3.685886859893798828e-01
-3.258619606494903564e-01
-1.335660368204116821e-01
5.689248442649841309e-01
1.623795032501220703e+00
9.246543049812316895e-01
1.186374664306640625e+00
1.666264057159423828e+00
1.633123874664306641e+00
1.197404265403747559e+00
-4.343176841735839844e+00
-1.120996102690696716e-01
-5.882523655891418457e-01
-9.071564078330993652e-01
-4.319314062595367432e-01
-8.694806694984436035e-01
-5.701360702514648438e-01
-2.128604054450988770e-01
-2.449698597192764282e-01
1.022941112518310547e+00
-3.460862874984741211e+00
-1.350349374115467072e-02
6.402047276496887207e-01
4.435021430253982544e-02
-2.134531140327453613e-01
1.354214847087860107e-01
-2.867172956466674805e-01
-5.167663097381591797e-01
-1.288501312956213951e-03
2.195863872766494751e-01
2.847845554351806641e-01
6.979811191558837891e-01
8.712072372436523438e-01
6.672117114067077637e-01
5.665024518966674805e-01
-6.903789937496185303e-02
-7.110980749130249023e-01
-6.480388045310974121e-01
-1.740584850311279297e+00
-1.000701665878295898e+00
-9.528982043266296387e-01
-1.043351054191589355e+00
-9.970680475234985352e-01
-7.349095940589904785e-01
-8.179921507835388184e-01
-7.986903786659240723e-01
-5.976584553718566895e-01
-2.776720225811004639e-01
1.773235499858856201e-01
-1.504454016685485840e-01
1.792820692062377930e-01
7.530258893966674805e-01
7.106599807739257812e-01
4.247157871723175049e-01
6.736542582511901855e-01
3.147808611392974854e-01
-5.666055679321289062e-01
-1.291078329086303711e-01
-2.191740721464157104e-01
-4.083002805709838867e-01
-2.620811462402343750e-01
2.409239709377288818e-01
1.290820538997650146e-01
-5.690794587135314941e-01
1.670670807361602783e-01
2.659209072589874268e-01
-1.022374272346496582e+00
-6.548163294792175293e-02
-1.514762043952941895e-01
-4.926713407039642334e-01
4.572375714778900146e-01
-5.749807953834533691e-01
-8.892977833747863770e-01
-1.371635317802429199e+00
-7.654212713241577148e-01
-7.334664463996887207e-01
-3.060705959796905518e-01
-4.093053042888641357e-01
4.841414690017700195e-01
7.726111412048339844e-01
3.801851868629455566e-01
-2.819240838289260864e-02
1.934555768966674805e-01
-7.719411253929138184e-01
6.816171854734420776e-02
4.864607751369476318e-01
3.492611646652221680e-01
9.718649983406066895e-01
1.383051514625549316e+00
2.712295055389404297e-01
1.524812430143356323e-01
4.202318191528320312e-01
-5.143697261810302734e-01
-8.506942987442016602e-01
-6.158004999160766602e-01
-9.485688805580139160e-01
-4.364669322967529297e-01
-2.054901868104934692e-01
-2.607153356075286865e-01
1.065590530633926392e-01
1.239538192749023438e-02
-2.324456349015235901e-02
5.378204211592674255e-02
-1.051417067646980286e-01
-1.857503503561019897e-01
-7.322552800178527832e-01
-6.071160435676574707e-01
-5.570448637008666992e-01
-5.262239277362823486e-02
-3.602907359600067139e-01
-8.495088815689086914e-01
-1.248660802841186523e+00
