1.016740679740905762e+00
3.197085261344909668e-01
-2.497076392173767090e-01
-3.398132622241973877e-01
-8.488395065069198608e-02
1.478216797113418579e-01
4.326180517673492432e-01
8.804723024368286133e-01
1.133181810379028320e+00
1.484169960021972656e+00
1.335389733314514160e+00
1.168194890022277832e+00
5.722666382789611816e-01
3.028578460216522217e-01
6.320007443428039551e-01
-3.950067758560180664e-01
-4.096627980470657349e-02
3.227860331535339355e-01
-6.865888237953186035e-01
6.610100865364074707e-01
-2.386840730905532837e-01
-5.090842247009277344e+00
-2.789188027381896973e-01
-1.078442335128784180e+00
-3.257904052734375000e+00
-1.678078770637512207e+00
-6.020327806472778320e-01
-7.307083010673522949e-01
-3.962932527065277100e-01
-3.792660236358642578e-01
-5.576610565185546875e-01
-2.481688737869262695e+00
-7.195838093757629395e-01
-9.548119902610778809e-01
-6.228186190128326416e-02
-2.045286893844604492e-01
1.799590140581130981e-01
5.761009454727172852e-01
3.127967119216918945e-01
-2.564680874347686768e-01
-1.041890501976013184e+00
-1.240415573120117188e+00
-6.147716641426086426e-01
-8.406664133071899414e-01
-1.053469061851501465e+00
-3.682172298431396484e-01
2.370191961526870728e-01
4.899809360504150391e-01
4.998188912868499756e-01
1.213802576065063477e+00
9.806177020072937012e-01
1.380745291709899902e+00
1.002311706542968750e+00
1.212944984436035156e+00
1.816693067550659180e+00
1.330092430114746094e+00
-1.579245090484619141e+00
9.825348854064941406e-01
5.897226929664611816e-01
1.385386735200881958e-01
-2.522049546241760254e-01
-7.485679388046264648e-01
-7.948568463325500488e-01
-4.018681049346923828e-01
-4.451803565025329590e-01
6.047571301460266113e-01
5.148532986640930176e-01
1.780418753623962402e-01
2.200676351785659790e-01
9.744122624397277832e-01
1.082175746560096741e-01
3.119895160198211670e-01
2.842565536499023438e+00
-1.620488762855529785e-01
-1.337458193302154541e-01
-4.946981072425842285e-01
-5.512537956237792969e-01
-8.619062900543212891e-01
-1.176519244909286499e-01
-7.913252711296081543e-02
-5.577367171645164490e-02
5.607133507728576660e-01
4.326685070991516113e-01
1.056445717811584473e+00
1.062802553176879883e+00
6.902212500572204590e-01
1.553338408470153809e+00
9.751185774803161621e-01
1.318942666053771973e+00
1.024257898330688477e+00
5.762018561363220215e-01
1.300628930330276489e-01
8.046948164701461792e-02
-4.057276248931884766e-01
-7.826224565505981445e-01
-1.984241157770156860e-01
-7.125710844993591309e-01
-5.965840816497802734e-01
-6.681741476058959961e-01
-7.251334190368652344e-01
-5.125578045845031738e-01
-1.126673579216003418e+00
-9.517344832420349121e-01
-1.255147337913513184e+00
-5.549619090743362904e-04
3.862030506134033203e-01
1.680525541305541992e-01
7.503589987754821777e-01
1.714832335710525513e-01
1.913105100393295288e-01
-3.353735804557800293e-01
-7.738944292068481445e-01
-5.070838332176208496e-01
-1.476955413818359375e-01
-6.105842590332031250e-01
-1.732490211725234985e-01
-4.465677738189697266e-01
-2.511454820632934570e-01
-1.389195799827575684e+00
-1.560956478118896484e+00
-2.215912580490112305e+00
-1.931797266006469727e+00
-2.235538005828857422e+00
-1.346438527107238770e+00
-8.531278371810913086e-01
-2.573005296289920807e-02
2.250118404626846313e-01
8.049975037574768066e-01
1.581893682479858398e+00
6.969817280769348145e-01
5.320066809654235840e-01
2.674411833286285400e-01
-4.570868238806724548e-02
4.936638474464416504e-01
4.031041562557220459e-01
-1.423729658126831055e-01
2.548788785934448242e-01
6.396188139915466309e-01
1.573569327592849731e-01
1.775878109037876129e-02
-2.759674191474914551e-01
9.631112217903137207e-02
1.780418753623962402e-01
1.892420202493667603e-01
4.905358850955963135e-01
-3.491215035319328308e-02
1.362683773040771484e-01
-1.187113970518112183e-01
1.720886528491973877e-01
1.821788698434829712e-01
6.398206353187561035e-01
1.853371024131774902e+00
1.574527859687805176e+00
1.508537888526916504e+00
5.854343771934509277e-01
1.396839141845703125e+00
1.245939970016479492e+00
8.338050842285156250e-01
1.057807922363281250e+00
2.085092782974243164e+00
2.739493846893310547e-01
-1.733827233314514160e+00
3.733884692192077637e-01
-7.100485563278198242e-01
-4.324414730072021484e-01
-3.127967193722724915e-02
-5.516321659088134766e-01
-8.546161651611328125e-01
3.067425787448883057e-01
2.298046946525573730e-01
-1.026427298784255981e-01
-1.066535934805870056e-01
-7.315406948328018188e-02
3.415538370609283447e-02
-2.488247454166412354e-01
-2.516500055789947510e-01
2.285938560962677002e-01
5.352859944105148315e-02
9.434352628886699677e-03
-2.251379638910293579e-01
-1.022895723581314087e-01
2.584609091281890869e-01
2.347993403673171997e-01
4.780744612216949463e-01
-3.824192285537719727e-01
2.350314140319824219e+00
-3.636261820793151855e-01
-2.015798330307006836e+00
-8.111525177955627441e-01
-8.305257558822631836e-01
-1.069209814071655273e+00
-3.622640073299407959e-01
-3.724551200866699219e-01
-4.260089397430419922e-01
-5.054946541786193848e-01
2.483706921339035034e-01
2.113395929336547852e-01
-2.105172395706176758e+00
-1.161131709814071655e-01
4.151115119457244873e-01
7.446579933166503906e-01
-4.695986807346343994e-01
-1.092492938041687012e+00
-4.471479654312133789e-01
-9.883367419242858887e-01
-1.330445528030395508e+00
-1.383772373199462891e+00
-1.410208702087402344e+00
-3.525723457336425781e+00
-2.186499595642089844e+00
-2.205645799636840820e+00
-1.456547975540161133e+00
-1.687790513038635254e+00
-8.698019385337829590e-01
-1.040099501609802246e+00
-6.780877709388732910e-01
2.595708370208740234e-01
4.370577335357666016e-01
1.769319474697113037e-01
3.564873635768890381e-01
1.304665058851242065e-01
7.941000908613204956e-02
-9.612192511558532715e-01
-8.806741237640380859e-01
-5.257507562637329102e-01
1.095797568559646606e-01
-6.727904081344604492e-01
8.665478229522705078e-01
1.101750731468200684e+00
7.372416853904724121e-01
8.463169336318969727e-01
1.381199359893798828e+00
3.388799428939819336e-01
1.373278498649597168e-01
-4.172556996345520020e-01
-1.982979923486709595e-01
-7.533608078956604004e-01
-1.893176883459091187e-01
-3.597414493560791016e-01
4.676815569400787354e-01
8.701803088188171387e-01
1.195034861564636230e+00
1.757867097854614258e+00
2.351575374603271484e+00
1.966280579566955566e+00
2.612861633300781250e+00
1.910632967948913574e+00
9.742104411125183105e-01
2.908000349998474121e-01
7.626690268516540527e-01
1.718868464231491089e-01
-2.384570538997650146e-01
-2.970559895038604736e-01
-2.143918871879577637e-01
2.162333428859710693e-01
-4.351658225059509277e-01
-4.554723799228668213e-01
-7.022790908813476562e-01
-5.087991952896118164e-01
-8.835245966911315918e-01
-8.038119077682495117e-01
-1.835839271545410156e+00
-1.179773330688476562e+00
-7.152702212333679199e-01
-7.415804862976074219e-01
-9.236836433410644531e-01
-5.935822129249572754e-01
-1.413387060165405273e-01
9.999404847621917725e-02
5.574340224266052246e-01
4.572886228561401367e-01
3.109804689884185791e-01
6.028904393315315247e-02
6.717057228088378906e-01
2.233469486236572266e-01
2.309650629758834839e-01
9.185124635696411133e-01
8.091344833374023438e-01
1.815734505653381348e-01
4.410938322544097900e-01
2.909514009952545166e-01
2.204712294042110443e-02
2.597221732139587402e-01
2.629510462284088135e-01
2.269289791584014893e-01
3.071461915969848633e-01
3.283356428146362305e-01
5.979967117309570312e-01
5.693404674530029297e-01
5.197470784187316895e-01
2.749079465866088867e-01
-6.723363995552062988e-01
1.138680949807167053e-01
-9.399037063121795654e-02
-2.094981223344802856e-01
-4.897539019584655762e-01
-1.051551938056945801e+00
-6.438062787055969238e-01
2.419129461050033569e-01
-2.339164465665817261e-01
-6.625741124153137207e-01
7.386038452386856079e-02
2.114404886960983276e-01
-5.610160529613494873e-02
1.152302771806716919e-01
-5.490591526031494141e-01
3.008398115634918213e-01
-1.799337863922119141e-01
-2.604284882545471191e-01
-4.135475456714630127e-01
-4.931088984012603760e-01
-8.066875934600830078e-01
-1.700403332710266113e+00
-1.834174394607543945e+00
-1.728529810905456543e+00
-1.471027493476867676e+00
-1.443304657936096191e+00
-6.456477642059326172e-01
-6.884050369262695312e-01
-1.651263982057571411e-01
-2.098765037953853607e-02
6.721093654632568359e-01
1.401581525802612305e+00
1.734407305717468262e+00
1.359858512878417969e+00
1.738947987556457520e+00
2.070411682128906250e+00
1.078089237213134766e+00
1.800296425819396973e+00
9.011068344116210938e-01
1.271569132804870605e+00
7.624672055244445801e-01
5.018369555473327637e-01
-3.432691693305969238e-01
-9.821060299873352051e-01
-1.555886149406433105e+00
-1.176367878913879395e+00
-1.527431845664978027e+00
-9.992846250534057617e-01
-1.138933181762695312e+00
-7.374939322471618652e-01
-4.199800491333007812e-01
2.884792983531951904e-01
-4.893755167722702026e-02
1.110428333282470703e+00
4.083006083965301514e-01
2.356570065021514893e-01
-3.350204229354858398e-01
-4.211404323577880859e-01
-2.445540666580200195e+00
-1.021659731864929199e+00
-1.060179114341735840e+00
-1.038939118385314941e+00
-8.414231538772583008e-01
-6.794499754905700684e-01
-1.873248815536499023e-01
-3.918283581733703613e-01
-3.163535296916961670e-01
9.031248688697814941e-01
3.000325858592987061e-01
5.523889064788818359e-01
1.083588361740112305e+00
1.386698484420776367e+00
9.100366234779357910e-01
3.742461502552032471e-01
-2.553581595420837402e-01
-2.749331891536712646e-01
-1.272376328706741333e-01
-3.994969129562377930e-01
-1.289025187492370605e+00
-1.395729184150695801e-01
-1.692129373550415039e-01
-6.243321672081947327e-02
-4.149097204208374023e-01
-3.341879844665527344e-01
3.659217059612274170e-01
8.613008856773376465e-01
1.341191649436950684e+00
1.282466530799865723e+00
9.721419215202331543e-01
7.719520330429077148e-01
5.956255197525024414e-01
3.081552088260650635e-01
4.509317874908447266e-01
3.234418928623199463e-01
1.819266080856323242e-01
-1.263042837381362915e-01
1.429279148578643799e-01
1.116482466459274292e-01
5.192425847053527832e-01
6.232222318649291992e-01
1.134644895792007446e-01
4.638977050781250000e-01
8.330987691879272461e-01
1.176922917366027832e+00
7.959163188934326172e-01
8.157435655593872070e-01
6.855797767639160156e-01
8.748217672109603882e-02
1.975159943103790283e-01
-2.458733618259429932e-01
-3.870607018470764160e-01
-2.216316163539886475e-01
-4.512849450111389160e-01
-2.337297916412353516e+00
-2.518013715744018555e-01
1.411621272563934326e-01
5.266084074974060059e-01
3.284870088100433350e-01
2.704178169369697571e-02
7.565644383430480957e-01
4.405893087387084961e-01
5.029973015189170837e-02
1.817752569913864136e-01
7.199369370937347412e-02
-3.575720489025115967e-01
-4.533029794692993164e-01
-3.773488700389862061e-01
-5.749909877777099609e-01
-2.125251889228820801e-01
8.153904080390930176e-01
3.226851224899291992e-01
7.276560068130493164e-01
7.359299659729003906e-01
1.519384860992431641e+00
1.486692547798156738e+00
1.523219108581542969e+00
1.317782282829284668e+00
2.192099541425704956e-01
-1.687412142753601074e+00
-9.073122739791870117e-01
-1.508361339569091797e+00
-2.137612342834472656e+00
-1.086539745330810547e+00
-5.862163901329040527e-01
-2.071521580219268799e-01
8.334518969058990479e-02
1.156843379139900208e-01
2.167378515005111694e-01
2.147198200225830078e+00
4.052735567092895508e-01
7.199873924255371094e-01
3.205661773681640625e-01
2.756647169589996338e-01
4.996170699596405029e-01
1.843987107276916504e-01
3.091642558574676514e-01
2.563419640064239502e-01
1.939844131469726562e+00
-5.052676051855087280e-02
-3.250311017036437988e-01
7.561608552932739258e-01
5.854848027229309082e-01
5.212606191635131836e-01
7.440021634101867676e-01
1.050795197486877441e+00
9.388442039489746094e-01
4.425569176673889160e-01
-2.385831773281097412e-01
5.248426198959350586e-01
-3.409988880157470703e-01
7.452129721641540527e-01
4.881142377853393555e-01
1.801154136657714844e+00
3.869598209857940674e-01
2.596212923526763916e-01
1.501424312591552734e-01
-5.535240769386291504e-01
-1.055184364318847656e+00
-2.448391169309616089e-01
1.675985008478164673e-01
6.916843354701995850e-02
1.021836280822753906e+00
6.607074141502380371e-01
8.729550838470458984e-01
9.464119076728820801e-01
1.002664804458618164e+00
-2.863603532314300537e-01
-4.440704286098480225e-01
-1.230804681777954102e+00
-1.531266093254089355e+00
-1.739326357841491699e+00
-6.306385517120361328e+00
-1.387833595275878906e+00
-1.745582222938537598e+00
-4.514867365360260010e-01
8.778488636016845703e-02
1.184086948633193970e-01
3.542675077915191650e-01
-1.000495433807373047e+00
9.957025647163391113e-01
7.763917446136474609e-01
1.807107329368591309e+00
1.494260191917419434e+00
2.321960687637329102e+00
2.297895431518554688e+00
2.263134717941284180e+00
1.542340040206909180e+00
1.551421284675598145e+00
1.305926322937011719e+00
8.842056989669799805e-01
9.590246677398681641e-01
1.468580603599548340e+00
8.043416142463684082e-01
8.426844477653503418e-01
5.102622509002685547e-01
4.186935424804687500e-01
-1.170465163886547089e-02
3.486674427986145020e-01
6.376007795333862305e-01
4.087546765804290771e-01
1.107754468917846680e+00
9.548372030258178711e-01
1.468832850456237793e+00
1.986057400703430176e+00
2.560846567153930664e+00
2.114859104156494141e+00
1.992363810539245605e+00
1.752216577529907227e+00
1.659336209297180176e+00
2.023542642593383789e+00
1.380896568298339844e+00
1.254466176033020020e+00
6.818463802337646484e-01
5.167199969291687012e-01
9.689635038375854492e-01
-7.971271127462387085e-02
-4.413208663463592529e-01
-4.841790497303009033e-01
-1.159290194511413574e+00
-1.378651499748229980e+00
-1.859450340270996094e+00
-9.163178205490112305e-01
2.573661088943481445e+00
-1.295230627059936523e+00
-1.066485404968261719e+00
-1.199247479438781738e+00
-6.272835731506347656e-01
-1.000949501991271973e+00
-8.079488873481750488e-01
-8.258842229843139648e-01
-2.691313028335571289e-01
6.230708956718444824e-02
4.885178506374359131e-01
4.786798954010009766e-01
9.128618836402893066e-01
4.595589339733123779e-01
7.569680809974670410e-01
5.346806049346923828e-01
-1.093022748827934265e-01
-4.203332066535949707e-01
-1.436418056488037109e+00
-1.250858902931213379e+00
-1.186811327934265137e+00
-1.318236351013183594e+00
-8.292140364646911621e-01
1.493856608867645264e-01
7.759881019592285156e-01
1.125563740730285645e+00
8.225040435791015625e-01
1.003320693969726562e+00
1.180252671241760254e+00
9.044870138168334961e-01
3.849417716264724731e-02
-6.591434031724929810e-02
-6.308655738830566406e-01
-8.715172410011291504e-01
-8.235382437705993652e-01
-7.456417679786682129e-01
-1.520343422889709473e-01
-1.708273738622665405e-01
-5.112712979316711426e-01
-1.817248016595840454e-01
-2.807602882385253906e-01
-4.677320122718811035e-01
-2.648429572582244873e-01
-7.977830171585083008e-01
-6.009228825569152832e-01
-1.037677884101867676e+00
-7.413030266761779785e-01
-1.109242796897888184e+00
-7.681682109832763672e-01
-7.970767021179199219e-01
-1.910305023193359375e+00
-1.971956253051757812e+00
-1.469791412353515625e+00
-2.043571710586547852e+00
-1.934345006942749023e+00
-1.567363858222961426e+00
-1.366442441940307617e+00
-1.475744605064392090e+00
-1.066813349723815918e+00
-6.229951977729797363e-01
-8.497475981712341309e-01
5.660611763596534729e-02
-3.566891700029373169e-02
-2.209757454693317413e-02
-1.513280272483825684e-01
-6.852014064788818359e-01
-9.480010867118835449e-01
-8.894273638725280762e-01
-7.978838682174682617e-01
-1.489543080329895020e+00
-1.731430768966674805e+00
-9.489596486091613770e-01
1.981214135885238647e-01
7.920820266008377075e-02
4.997684359550476074e-01
6.501126885414123535e-01
7.352740764617919922e-01
7.016232013702392578e-01
1.913609653711318970e-01
2.886810898780822754e-01
4.168772995471954346e-01
7.406723499298095703e-01
1.192814946174621582e+00
9.602354764938354492e-01
1.174551725387573242e+00
1.562621474266052246e+00
1.199625849723815918e+00
9.255251288414001465e-01
1.157801866531372070e+00
5.747892260551452637e-01
5.590988993644714355e-01
4.661680161952972412e-01
6.092977523803710938e-01
7.189784049987792969e-01
7.352740764617919922e-01
8.284572362899780273e-01
9.111465811729431152e-01
8.967175483703613281e-01
4.958332479000091553e-01
8.466700911521911621e-01
5.762522816658020020e-01
2.431742250919342041e-01
1.230451464653015137e+00
1.312838077545166016e+00
1.095595717430114746e+00
4.113276898860931396e-01
5.449221730232238770e-01
7.239226102828979492e-01
7.711448073387145996e-01
5.940110683441162109e-01
1.198213249444961548e-01
3.021515309810638428e-01
7.983884215354919434e-01
1.432709932327270508e+00
1.916081666946411133e+00
2.000334978103637695e+00
1.426252126693725586e+00
7.903667092323303223e-01
3.341879844665527344e-01
-4.157673716545104980e-01
-5.146262645721435547e-01
-2.358840405941009521e-01
-1.203762888908386230e+00
-1.534394025802612305e+00
-6.100040674209594727e-01
-7.858260869979858398e-01
-3.057335689663887024e-02
-2.761944532394409180e-01
-3.816876709461212158e-01
-5.595025047659873962e-02
-1.099833659827709198e-02
-1.811193861067295074e-02
-6.590425372123718262e-01
-6.700408458709716797e-01
-1.027915596961975098e+00
-3.079282045364379883e-01
-8.021974563598632812e-01
-1.450519084930419922e+00
-4.609715640544891357e-01
-9.729996323585510254e-01
2.394912987947463989e-01
-9.252728521823883057e-02
-5.262048169970512390e-02
7.027836143970489502e-02
6.085914373397827148e-01
1.574225187301635742e+00
9.567543268203735352e-01
1.355721473693847656e+00
1.561763763427734375e+00
1.637743115425109863e+00
1.061843991279602051e+00
7.777034640312194824e-01
9.202277660369873047e-02
5.315526127815246582e-01
3.357519507408142090e-01
1.537244468927383423e-01
2.410048246383666992e-01
6.180762052536010742e-01
5.766054391860961914e-01
4.238899946212768555e-01
8.259851336479187012e-01
6.201447248458862305e-01
1.005237817764282227e+00
8.018190860748291016e-01
1.749643534421920776e-01
7.981361746788024902e-01
1.523774147033691406e+00
7.500058412551879883e-01
1.168144345283508301e+00
-2.423165589570999146e-01
-2.392894923686981201e-01
5.381616950035095215e-01
6.558640860021114349e-03
8.740650415420532227e-01
9.996882081031799316e-01
1.206638574600219727e+00
1.447138905525207520e+00
-4.985828399658203125e-01
-4.278251901268959045e-02
-8.068137168884277344e-01
-1.251161694526672363e+00
-4.018428921699523926e-01
-1.251817464828491211e+00
-9.273161292076110840e-01
-8.106480240821838379e-01
-8.296428322792053223e-01
-5.659855008125305176e-01
-1.055234909057617188e+00
-2.972073256969451904e-01
-4.906872510910034180e-01
-6.996556520462036133e-01
-1.596776843070983887e-01
1.708273738622665405e-01
3.263680636882781982e-01
3.501809835433959961e-01
2.375741600990295410e-01
1.691977977752685547e+00
1.068907141685485840e+00
8.594341874122619629e-01
8.081759214401245117e-01
3.196580708026885986e-01
5.670701712369918823e-02
1.155834347009658813e-01
-8.451565504074096680e-01
-8.773443698883056641e-01
-8.879138231277465820e-01
-5.377076268196105957e-01
-2.825260628014802933e-03
6.741778254508972168e-01
8.324428796768188477e-01
1.199726819992065430e+00
8.854165077209472656e-01
9.828880429267883301e-01
-2.038223855197429657e-02
1.249723792076110840e+00
5.327634215354919434e-01
-1.494789958000183105e+00
3.115354478359222412e-01
4.651590064167976379e-02
-5.851316452026367188e-01
-3.037911951541900635e-01
5.912867188453674316e-02
1.120014041662216187e-01
4.735843241214752197e-01
7.402687668800354004e-01
7.455661296844482422e-01
1.285493671894073486e-01
5.092027783393859863e-01
3.814101964235305786e-02
-6.710246205329895020e-01
-7.125963568687438965e-01
-6.952159404754638672e-01
-1.269021391868591309e+00
2.690051794052124023e-01
-1.315612912178039551e+00
-3.946031630039215088e-01
-1.245889514684677124e-01
-4.513858556747436523e-01
-5.163164138793945312e-01
-2.639853060245513916e-01
-1.792022436857223511e-01
-4.427082464098930359e-02
-4.797898232936859131e-02
7.423372268676757812e-01
6.642894148826599121e-01
3.712190687656402588e-01
4.845826625823974609e-01
6.708984971046447754e-01
9.388442039489746094e-01
7.301785349845886230e-01
1.152807250618934631e-01
6.967799067497253418e-01
1.886870525777339935e-02
-1.544332861900329590e+00
-7.635771483182907104e-02
-2.677439153194427490e-01
2.778845727443695068e-01
3.283356428146362305e-01
-9.083717316389083862e-02
8.499998450279235840e-01
6.811400651931762695e-01
6.601020097732543945e-01
-1.180151700973510742e+00
7.290181517601013184e-02
-5.029973015189170837e-02
-5.306192636489868164e-01
-1.343159198760986328e+00
-1.517669558525085449e+00
-1.176292300224304199e+00
-9.498173594474792480e-01
-1.264606833457946777e+00
-1.021861433982849121e+00
-1.424814343452453613e+00
-1.740612864494323730e+00
-1.980104088783264160e+00
-2.472203969955444336e+00
-2.127143859863281250e+00
-2.464283227920532227e+00
-2.178780555725097656e+00
-1.541003108024597168e+00
-2.109233617782592773e+00
-2.640306949615478516e+00
-3.012181997299194336e+00
-2.271963596343994141e+00
-2.304201841354370117e+00
-2.403994083404541016e+00
-2.202114105224609375e+00
-2.245527267456054688e+00
9.499938786029815674e-02
3.218274712562561035e-01
-4.565823078155517578e-02
4.796889126300811768e-01
6.171176433563232422e-01
1.381451606750488281e+00
9.017626643180847168e-01
1.195438385009765625e+00
1.803828001022338867e+00
1.700251936912536621e+00
1.776887178421020508e+00
-2.035978794097900391e+00
1.504400849342346191e+00
9.796591401100158691e-01
3.106273114681243896e-01
1.390078663825988770e+00
5.180317163467407227e-01
8.743172883987426758e-01
6.640875935554504395e-01
1.755193173885345459e-01
3.910968005657196045e-01
2.272316813468933105e-01
-1.950438916683197021e-01
2.677943408489227295e-01
4.217710718512535095e-02
-5.143488049507141113e-01
-2.128278911113739014e-01
-4.104952514171600342e-01
9.383901953697204590e-02
-6.763219833374023438e-01
3.494746685028076172e-01
4.232341349124908447e-01
8.701803088188171387e-01
-1.942366734147071838e-02
5.897731706500053406e-02
4.073420464992523193e-01
5.201506614685058594e-02
-3.075750470161437988e-01
2.710736691951751709e-01
-3.740695714950561523e-01
-8.187706470489501953e-01
-8.504287004470825195e-01
-4.356198906898498535e-01
-8.123129010200500488e-01
-2.357326894998550415e-01
-2.519527077674865723e-01
2.386840730905532837e-01
7.640312314033508301e-01
9.895475506782531738e-01
1.003219842910766602e+00
1.647379279136657715e+00
1.657974004745483398e+00
8.311311602592468262e-01
5.420464277267456055e-01
7.276055216789245605e-01
8.479313850402832031e-01
2.639600634574890137e-01
1.466360807418823242e+00
2.019203662872314453e+00
2.297037839889526367e-01
-6.124761700630187988e-02
-5.292066335678100586e-01
-8.182661533355712891e-01
-7.371155619621276855e-01
-3.993455469608306885e-01
3.989671766757965088e-01
3.447827100753784180e-01
9.736050367355346680e-01
1.801961421966552734e+00
1.376204609870910645e+00
1.755798578262329102e+00
1.446180343627929688e+00
1.128842949867248535e+00
7.614582180976867676e-01
6.103572249412536621e-01
6.620695590972900391e-01
1.348557472229003906e-01
1.555406898260116577e-01
2.362624257802963257e-01
-2.704682648181915283e-01
1.997358351945877075e-01
-3.846642971038818359e-01
-1.788490861654281616e-01
-4.564813971519470215e-01
-9.614462852478027344e-01
-7.148918509483337402e-02
-6.787436604499816895e-01
-2.167126238346099854e-01
-6.407791972160339355e-01
-4.813033342361450195e-02
-1.973646432161331177e-01
-1.305674016475677490e-01
3.185985982418060303e-01
-6.062706708908081055e-01
-5.431059002876281738e-01
-6.906501054763793945e-01
-2.273073643445968628e-01
-5.863929390907287598e-01
-3.355753719806671143e-01
-7.267982959747314453e-01
-7.354001998901367188e-01
-5.786234736442565918e-01
-8.446268439292907715e-01
-4.293135106563568115e-01
-8.264644145965576172e-01
3.617342561483383179e-02
-2.723349630832672119e-01
2.858054041862487793e-01
6.366422176361083984e-01
1.291598200798034668e+00
1.135754823684692383e+00
1.840203285217285156e+00
1.736879467964172363e+00
1.342906951904296875e+00
1.044539213180541992e+00
7.865828275680541992e-01
2.056386172771453857e-01
1.201240271329879761e-01
3.660226166248321533e-01
7.742727994918823242e-01
9.406604766845703125e-01
7.332056164741516113e-01
2.035701274871826172e-01
1.283071994781494141e+00
1.007709980010986328e+00
9.140727519989013672e-01
9.273918271064758301e-01
-2.311668694019317627e-01
3.814606368541717529e-01
7.396128773689270020e-01
3.833273351192474365e-01
9.583687782287597656e-01
4.225278198719024658e-01
4.658148586750030518e-01
1.910078078508377075e-01
5.382626056671142578e-01
5.478483438491821289e-01
4.983053505420684814e-01
-1.800851374864578247e-01
-6.997817754745483398e-01
-8.937409520149230957e-01
-1.265010476112365723e+00
-4.425569176673889160e-01
3.733380232006311417e-03
7.335587590932846069e-02
-1.018607392907142639e-01
5.822055339813232422e-01
4.542111158370971680e-01
3.687974214553833008e-01
-1.333422213792800903e-01
1.222934275865554810e-01
-1.138933226466178894e-01
6.426963806152343750e-01
-7.111584544181823730e-01
-1.365004539489746094e+00
-1.066586375236511230e+00
-7.300271987915039062e-01
6.962249521166086197e-03
-7.732385396957397461e-01
1.538758128881454468e-01
3.045227527618408203e-01
6.455216407775878906e-01
5.231777429580688477e-01
-1.801103726029396057e-02
1.291547715663909912e-02
-6.990502476692199707e-01
-7.140341997146606445e-01
-9.569057226181030273e-01
-9.371289014816284180e-01
-5.709044933319091797e-01
-5.883353352546691895e-01
-6.507937312126159668e-01
-6.073553562164306641e-01
-2.078584581613540649e-02
-3.183463215827941895e-02
4.977504014968872070e-01
4.917971789836883545e-01
7.481895685195922852e-01
5.197975039482116699e-01
1.038787841796875000e+00
3.369123339653015137e-01
6.478928327560424805e-01
5.366986393928527832e-01
4.000771045684814453e-01
2.072025984525680542e-01
5.870488286018371582e-01
2.007448673248291016e-01
-7.239730656147003174e-02
-4.348631203174591064e-01
-8.621585965156555176e-01
-8.175850510597229004e-01
-3.733884692192077637e-01
-5.979462265968322754e-01
-1.150436043739318848e+00
-8.704325556755065918e-01
-3.501456499099731445e+00
-1.117113113403320312e+00
-1.075692772865295410e+00
-1.003219842910766602e+00
-8.298698663711547852e-01
-7.069962620735168457e-01
-6.908771395683288574e-01
-5.964831709861755371e-01
-7.180198431015014648e-01
-7.909973263740539551e-01
-2.673150599002838135e-01
-9.204043745994567871e-01
3.126453757286071777e-01
8.945481777191162109e-01
8.117579221725463867e-01
1.354460239410400391e+00
1.019111871719360352e+00
5.564249753952026367e-01
5.101109147071838379e-01
5.823063850402832031e-01
-2.677943408489227295e-01
-5.527672767639160156e-01
-2.667853236198425293e-01
-2.344259977340698242e+00
-6.158564090728759766e-01
-2.348069190979003906e+00
-5.376572012901306152e-01
-4.146574735641479492e-01
-6.804590225219726562e-01
-4.416740238666534424e-01
6.555008411407470703e+00
-3.548022985458374023e+00
8.117579668760299683e-02
-3.366348445415496826e-01
5.731747746467590332e-01
6.328583955764770508e-01
2.432751208543777466e-01
1.077635139226913452e-01
-3.165553212165832520e-01
-4.550940096378326416e-01
-3.513917922973632812e-01
-1.242509245872497559e+00
-4.861214160919189453e-01
-5.179308056831359863e-01
-1.853320598602294922e-01
-4.546399414539337158e-01
-2.556608617305755615e-01
8.093867301940917969e-01
1.250833749771118164e+00
1.014974951744079590e+00
1.130861043930053711e+00
1.078997373580932617e+00
1.034247204661369324e-01
1.691120266914367676e-01
5.121793746948242188e-01
4.413965344429016113e-01
1.237211942672729492e+00
7.334578633308410645e-01
1.408796072006225586e+00
1.047162652015686035e+00
1.009929776191711426e+00
8.088822364807128906e-01
4.792852997779846191e-01
1.099682331085205078e+00
1.681383252143859863e+00
2.327510356903076172e+00
2.059564590454101562e+00
1.832131147384643555e+00
-8.787317276000976562e-01
1.437300920486450195e+00
1.047465443611145020e+00
9.025194644927978516e-01
4.824637174606323242e-01
4.858943819999694824e-01
-3.027569651603698730e-01
-5.306444764137268066e-01
-4.194251000881195068e-01
-4.497966468334197998e-01
-1.744094043970108032e-01
-7.338867187500000000e-01
-1.124907851219177246e+00
-6.416873335838317871e-01
-1.293565779924392700e-01
-5.366986393928527832e-01
-1.655047833919525146e-01
-6.251646280288696289e-01
-6.791977286338806152e-01
-1.274646639823913574e+00
-1.263723969459533691e+00
-9.615724086761474609e-01
-1.234462380409240723e+00
-6.628263592720031738e-01
-1.360665708780288696e-01
-2.856792509555816650e-01
-1.388918310403823853e-01
-8.165507912635803223e-01
-4.246467649936676025e-01
-3.070200681686401367e-01
3.680406510829925537e-01
-1.897213011980056763e-01
1.215417027473449707e+00
1.173038125038146973e+00
7.558581233024597168e-01
-2.251379728317260742e+00
3.923076391220092773e-01
2.129540294408798218e-01
-3.500044047832489014e-01
-2.561149299144744873e-01
-2.682988643646240234e-01
4.930584430694580078e-01
-3.109804689884185791e-01
4.723734855651855469e-01
7.527301460504531860e-02
1.824815720319747925e-01
6.364908814430236816e-01
1.039796844124794006e-01
3.814101815223693848e-01
-4.316342473030090332e-01
2.648681998252868652e-01
7.798224091529846191e-01
1.102558016777038574e+00
1.084496498107910156e+00
-1.173946261405944824e+00
8.945481777191162109e-01
1.044085144996643066e+00
1.132879137992858887e+00
8.029289841651916504e-01
1.960024684667587280e-01
5.283741950988769531e-01
1.002311706542968750e+00
1.754032850265502930e+00
2.083932399749755859e+00
-1.669577717781066895e+00
2.056133985519409180e+00
2.137612342834472656e+00
2.142153024673461914e+00
1.999124169349670410e+00
1.449510097503662109e+00
7.797214984893798828e-01
8.355203866958618164e-01
6.524838805198669434e-01
9.759257435798645020e-01
1.177074193954467773e+00
6.671146750450134277e-01
9.017122387886047363e-01
8.410196006298065186e-02
9.291576147079467773e-01
2.048818469047546387e-01
8.022731542587280273e-01
5.025432705879211426e-01
-7.751809060573577881e-02
5.212101340293884277e-01
1.127077192068099976e-01
2.003412544727325439e-01
-1.870473921298980713e-01
-5.196965932846069336e-01
-1.067317962646484375e+00
-1.147863030433654785e+00
-8.865516781806945801e-01
-1.324845433235168457e+00
-8.934130072593688965e-01
-1.344042062759399414e+00
-6.755904555320739746e-01
-1.061061978340148926e+00
-1.234310984611511230e+00
-1.099253416061401367e+00
-5.571565628051757812e-01
-7.921829223632812500e-01
-1.104449868202209473e+00
-8.590558171272277832e-01
-4.453317224979400635e-01
-1.112723827362060547e+00
-7.734655737876892090e-01
-6.635074019432067871e-01
-5.270624756813049316e-01
-1.558938529342412949e-02
1.857104450464248657e-01
5.199993252754211426e-01
4.843808710575103760e-01
-2.503130435943603516e-01
-5.095559637993574142e-03
9.045879542827606201e-02
-3.327753543853759766e-01
-4.098393917083740234e-01
-1.005918979644775391e+00
-1.353678226470947266e+00
-1.140043139457702637e+00
-9.738824963569641113e-01
-6.279141902923583984e-01
-4.452055990695953369e-01
4.777717590332031250e-02
-3.951833546161651611e-01
6.664588302373886108e-02
-2.249613851308822632e-01
-1.492847502231597900e-01
-9.393487572669982910e-01
-1.129675388336181641e+00
-1.331858158111572266e+00
-1.804811835289001465e+00
-2.270147323608398438e+00
-2.169497489929199219e+00
-2.058959245681762695e+00
-1.820275068283081055e+00
-1.240995764732360840e+00
-1.835057258605957031e+00
-1.245460629463195801e+00
-6.242312788963317871e-01
-3.849417567253112793e-01
-4.869790971279144287e-01
-3.474566042423248291e-01
-1.406576186418533325e-01
-5.770847201347351074e-01
-6.748337149620056152e-01
-8.003055453300476074e-01
2.290479242801666260e-01
1.369545102119445801e+00
1.431044936180114746e+00
6.728661060333251953e-01
1.475593328475952148e+00
9.694175720214843750e-01
5.573331117630004883e-01
3.215751945972442627e-01
2.452427148818969727e-01
-7.148918509483337402e-02
-7.918801903724670410e-01
-8.530269265174865723e-01
-3.935184329748153687e-03
5.966849923133850098e-01
3.870607018470764160e-01
1.056798815727233887e+00
1.163351535797119141e+00
1.143221616744995117e+00
6.471360325813293457e-01
1.160173177719116211e+00
1.681887745857238770e+00
1.069613456726074219e+00
1.662110924720764160e+00
1.053368210792541504e+00
1.250581502914428711e+00
8.969697952270507812e-01
6.212041974067687988e-01
8.003559708595275879e-01
9.340009093284606934e-01
7.837071418762207031e-01
-3.954103589057922363e-01
2.206730395555496216e-01
-2.960217297077178955e-01
-1.195942908525466919e-01
-1.620236486196517944e-01
-2.864435911178588867e+00
-6.880014538764953613e-01
-1.091408252716064453e+00
-7.167837619781494141e-01
-2.536175847053527832e-01
-5.684576034545898438e-01
-1.271367352455854416e-02
-1.423477381467819214e-01
-7.018755078315734863e-01
5.167199969291687012e-01
6.002165675163269043e-01
2.082418918609619141e+00
1.000848650932312012e+00
1.675984978675842285e+00
1.812152504920959473e+00
2.075860261917114258e+00
2.402228355407714844e+00
1.903014898300170898e+00
1.739048838615417480e+00
1.323584198951721191e+00
6.512730717658996582e-01
6.543505936861038208e-02
-7.377209663391113281e-01
-1.477611303329467773e+00
-1.451553344726562500e+00
-2.612104892730712891e+00
-2.199187994003295898e+00
-2.616973400115966797e+00
-2.852807044982910156e+00
-2.560165405273437500e+00
-2.569902420043945312e+00
-2.139252185821533203e+00
-2.215887308120727539e+00
-1.449737071990966797e+00
-4.916206002235412598e-01
-3.009911775588989258e-01
-2.791962921619415283e-01
5.632863640785217285e-01
7.372416853904724121e-01
5.638413429260253906e-01
-6.954681873321533203e-02
1.448955088853836060e-01
-5.618485212326049805e-01
-4.724996387958526611e-01
-7.322470545768737793e-01
-1.865681111812591553e-01
-4.351406171917915344e-02
-5.371274948120117188e-01
-3.950572013854980469e-01
-1.270434021949768066e+00
-1.311627268791198730e+00
-1.349591732025146484e+00
-1.176014780998229980e+00
-7.317677736282348633e-01
-1.124302387237548828e+00
-9.399793744087219238e-01
-8.362519145011901855e-01
-1.325753569602966309e+00
-1.134871959686279297e+00
-5.934056639671325684e-01
-6.666101813316345215e-01
2.071521580219268799e-01
1.927231401205062866e-01
9.798609614372253418e-01
6.604046821594238281e-01
1.236202955245971680e+00
1.067595362663269043e+00
1.466613054275512695e+00
6.365917921066284180e-01
8.553981184959411621e-01
9.732013940811157227e-01
-1.765611410140991211e+00
1.640618801116943359e+00
1.704893469810485840e+00
2.804121732711791992e+00
-1.439091920852661133e+00
-2.499094486236572266e+00
-1.137722373008728027e+00
-1.333220362663269043e+00
-1.723257660865783691e+00
-1.667307376861572266e+00
-9.008293151855468750e-01
-1.444490194320678711e+00
-4.651337563991546631e-01
6.829563379287719727e-01
8.766884803771972656e-01
6.951150298118591309e-01
5.127848386764526367e-01
8.997446298599243164e-01
-2.770268917083740234e-01
4.454830661416053772e-02
-4.314072132110595703e-01
-3.139318823814392090e-01
-2.674159705638885498e-01
-3.203643858432769775e-02
-1.608632802963256836e+00
-1.375044286251068115e-01
-1.715084612369537354e-01
1.720381900668144226e-02
-3.181193172931671143e-01
-7.832026481628417969e-01
-8.663460016250610352e-01
-1.016362309455871582e+00
-1.380871415138244629e+00
-1.358420610427856445e+00
-1.626744747161865234e+00
-8.727028369903564453e-01
-6.225411295890808105e-01
1.596776843070983887e-01
6.099535822868347168e-01
7.839089632034301758e-01
4.254035353660583496e-01
2.238010019063949585e-01
8.037866950035095215e-01
-1.874510049819946289e-01
-3.080543279647827148e-01
-3.751290440559387207e-01
-1.470396816730499268e-01
1.099833659827709198e-02
1.013814568519592285e+00
9.855619072914123535e-01
3.776768147945404053e-01
6.949636936187744141e-01
7.463228702545166016e-01
6.082887053489685059e-01
7.288163304328918457e-01
3.423106074333190918e-01
2.185540944337844849e-01
-4.742654263973236084e-01
-8.236139416694641113e-01
-7.064160704612731934e-01
-1.025948047637939453e+00
-8.182661533355712891e-01
1.320809423923492432e-01
8.076209425926208496e-01
1.599904775619506836e+00
1.375145196914672852e+00
1.636078238487243652e+00
2.997601509094238281e+00
1.583155035972595215e+00
1.637944936752319336e+00
2.391986846923828125e+00
1.242408394813537598e+00
1.394518375396728516e+00
9.156871438026428223e-01
6.922393441200256348e-01
2.991244792938232422e-01
-4.647301733493804932e-01
-1.924204379320144653e-01
-1.127581745386123657e-01
1.527810215950012207e+00
1.103062510490417480e+00
1.099631786346435547e+00
1.833140134811401367e+00
1.536941766738891602e+00
1.070067524909973145e+00
-4.313088417053222656e+00
3.858498930931091309e-01
-6.374998688697814941e-01
-1.110226511955261230e+00
-4.844817519187927246e-01
-3.582026958465576172e-01
-6.197663545608520508e-01
-4.820096492767333984e-01
-3.014704585075378418e-01
-2.224892750382423401e-02
-3.449416399002075195e+00
-1.683048158884048462e-01
5.650016665458679199e-01
-8.551459014415740967e-02
-2.706196010112762451e-01
3.904913961887359619e-01
-3.423358201980590820e-01
-8.657406270503997803e-02
-6.293772906064987183e-02
-1.977178007364273071e-01
2.170910090208053589e-01
4.241422712802886963e-01
7.911234498023986816e-01
5.970381498336791992e-01
4.928566515445709229e-01
-3.086345195770263672e-01
-9.245161414146423340e-01
-1.179672479629516602e+00
-1.000974774360656738e+00
-9.694175720214843750e-01
-8.881661295890808105e-01
-8.820363283157348633e-01
-1.046178936958312988e+00
-9.077159166336059570e-01
-2.565160036087036133e+00
-9.012329578399658203e-01
-4.583733081817626953e-01
-8.008352518081665039e-01
-1.125715017318725586e+00
1.516256928443908691e+00
-1.425747573375701904e-01
5.590988993644714355e-01
8.398591876029968262e-01
9.079176783561706543e-01
4.145565629005432129e-01
8.015163540840148926e-01
5.009792745113372803e-02
3.366096317768096924e-01
-3.511395305395126343e-02
-3.273770809173583984e-01
-4.447263181209564209e-01
-3.630207777023315430e-01
-4.122105836868286133e-01
3.925094380974769592e-02
-2.910270690917968750e-01
1.139689981937408447e-01
1.629065573215484619e-01
-7.012700662016868591e-03
-5.112460851669311523e-01
-2.996289730072021484e-01
-2.973082363605499268e-01
-4.814042448997497559e-01
-1.357235074043273926e+00
-1.404028415679931641e+00
-4.415731132030487061e-01
-4.247224628925323486e-01
-1.128641247749328613e+00
-1.707012355327606201e-01
4.055762588977813721e-01
5.947678089141845703e-01
4.434650391340255737e-02
-1.404053717851638794e-01
-3.258887827396392822e-01
2.537689544260501862e-02
-4.105709195137023926e-01
5.071343183517456055e-01
3.410493135452270508e-01
1.107704043388366699e+00
9.471182227134704590e-01
8.792614936828613281e-01
4.765104949474334717e-01
2.787926793098449707e-01
-4.524705410003662109e-01
-4.681355953216552734e-01
-9.743617773056030273e-01
-9.452767372131347656e-01
-3.702857196331024170e-01
-4.204088747501373291e-01
-2.821476757526397705e-01
-1.597533524036407471e-01
-1.756202280521392822e-01
3.824192285537719727e-02
1.543298661708831787e-01
-6.412332504987716675e-02
4.333747923374176025e-02
-1.347043924033641815e-02
-2.793981134891510010e-01
-8.257580995559692383e-01
-5.335706472396850586e-01
-6.668372154235839844e-01
-5.455780029296875000e-01
-1.169935464859008789e+00
-1.282895445823669434e+00
-2.177620172500610352e+00
-1.695055484771728516e+00
-1.886416435241699219e+00
-1.512700080871582031e+00
-1.676893115043640137e+00
-1.074078321456909180e+00
-6.828554272651672363e-01
-1.883338987827301025e-01
-3.518963158130645752e-01
-6.787940859794616699e-01
-2.291992753744125366e-01
-7.065421938896179199e-01
-8.850633502006530762e-01
1.515550613403320312e-01
-9.897745847702026367e-01
-1.077963113784790039e+00
-7.862296700477600098e-01
-1.232696533203125000e+00
-1.388388633728027344e+00
-1.489341259002685547e+00
-1.019036173820495605e+00
-1.910254597663879395e+00
-1.188072562217712402e+00
-2.612105011940002441e-01
-4.518903493881225586e-01
-4.949503540992736816e-01
3.423106074333190918e-01
6.149987131357192993e-02
-3.770966231822967529e-01
-2.717043161392211914e-01
-2.434264868497848511e-01
-3.297482728958129883e-01
-6.246853470802307129e-01
1.258754581212997437e-01
-2.106332778930664062e-01
1.480234861373901367e-01
4.978008568286895752e-01
6.098527312278747559e-01
8.470232486724853516e-01
6.503649353981018066e-01
1.065930485725402832e+00
1.285039544105529785e+00
1.221269369125366211e+00
1.294423460960388184e+00
7.447589039802551270e-01
1.171221971511840820e+00
1.787986397743225098e+00
1.648388266563415527e+00
1.744245290756225586e+00
1.268087983131408691e+00
1.299014568328857422e+00
1.564488053321838379e+00
1.085303664207458496e+00
1.396334648132324219e+00
1.073649525642395020e+00
1.732994675636291504e+00
1.409502387046813965e+00
1.325753569602966309e+00
1.650759458541870117e+00
1.575890064239501953e+00
1.347498059272766113e+00
9.296621084213256836e-01
7.579770684242248535e-01
1.327872574329376221e-01
7.224595546722412109e-02
-1.513532479293644428e-03
9.227503091096878052e-02
5.929011106491088867e-01
1.506469398736953735e-01
2.444355040788650513e-01
4.397821128368377686e-01
-1.344016939401626587e-01
5.549619439989328384e-03
-1.396990567445755005e-01
5.110694840550422668e-02
1.600308418273925781e-01
1.595263332128524780e-01
-9.797348380088806152e-01
-1.129423141479492188e+00
-1.535478711128234863e+00
-2.006616115570068359e+00
-1.853900790214538574e+00
-1.695988893508911133e+00
-1.365408182144165039e+00
-1.261075258255004883e+00
-1.551320433616638184e+00
-1.504552245140075684e+00
-1.342049241065979004e+00
-2.097655057907104492e+00
-1.367401003837585449e+00
-1.494537711143493652e+00
-1.643696278333663940e-01
-8.864507675170898438e-01
-1.644604444503784180e+00
-1.489013314247131348e+00
-1.707466483116149902e+00
-2.279758453369140625e+00
-1.166832685470581055e+00
-1.947437047958374023e+00
-1.758951783180236816e+00
-9.124583005905151367e-01
-6.033192873001098633e-01
-7.010934948921203613e-01
-7.129495143890380859e-01
-1.830365359783172607e-01
-5.880326032638549805e-01
-3.871111571788787842e-01
-3.471791446208953857e-01
-8.167526125907897949e-01
-7.120161652565002441e-01
-8.015415668487548828e-01
-3.440763950347900391e-01
-5.573078989982604980e-01
-8.619567751884460449e-02
-6.020832061767578125e-01
7.053061574697494507e-02
3.696551024913787842e-01
5.175272226333618164e-01
9.908088445663452148e-01
9.765312075614929199e-01
9.734536409378051758e-01
5.276174545288085938e-01
2.910523116588592529e-01
-6.384584307670593262e-02
-1.511514484882354736e-01
1.813211888074874878e-01
3.221806287765502930e-01
3.514927029609680176e-01
1.376053333282470703e+00
1.111134648323059082e+00
1.918301582336425781e+00
1.549100518226623535e+00
1.521201133728027344e+00
1.292859435081481934e+00
3.586517095565795898e+00
1.120014023035764694e-02
5.329148173332214355e-01
-3.168328106403350830e-02
3.635000586509704590e-01
1.464090496301651001e-01
2.882775068283081055e-01
9.532732367515563965e-01
1.417120456695556641e+00
1.034499526023864746e+00
9.399036765098571777e-01
1.085858702659606934e+00
2.036205768585205078e+00
1.390129208564758301e+00
1.280398011207580566e+00
1.374892950057983398e+00
1.605303049087524414e+00
1.681383252143859863e+00
1.844239354133605957e+00
1.730371236801147461e+00
9.231035113334655762e-01
1.066687226295471191e+00
1.402691483497619629e+00
-6.015787124633789062e-01
-2.079089134931564331e-01
-1.014394760131835938e+00
-1.210624217987060547e+00
-1.155607342720031738e+00
-1.033137321472167969e+00
-9.476984143257141113e-01
-1.655552387237548828e-01
-1.042294144630432129e+00
2.206730395555496216e-01
5.252462625503540039e-01
-1.024156995117664337e-02
-5.472681522369384766e-01
2.423165589570999146e-01
-4.851376116275787354e-01
-7.525283694267272949e-01
-4.173061549663543701e-01
-6.807112693786621094e-01
-1.077307224273681641e+00
-3.126554489135742188e+00
-1.361422538757324219e+00
-1.320254445075988770e+00
-1.524480462074279785e+00
-1.304564118385314941e+00
-1.306683063507080078e+00
-1.030513882637023926e+00
-1.810588479042053223e+00
-9.669202566146850586e-01
-7.196595072746276855e-01
-7.006898522377014160e-01
-1.243720173835754395e+00
-1.277219653129577637e+00
-1.258653640747070312e+00
-1.315461516380310059e+00
-1.597029089927673340e+00
-1.371411800384521484e+00
-1.827338188886642456e-01
-9.879835844039916992e-01
-7.792422175407409668e-01
-3.291428685188293457e-01
-6.051607429981231689e-02
1.957502067089080811e-01
1.663372218608856201e-01
2.910523116588592529e-01
5.512285232543945312e-01
2.465039938688278198e-01
-2.152243256568908691e-01
-2.151990979909896851e-01
2.146693617105484009e-01
3.480115830898284912e-01
2.819206714630126953e-01
-4.806979298591613770e-01
-6.729922294616699219e-01
-5.555925369262695312e-01
-5.676503777503967285e-01
-1.036265268921852112e-01
9.002996087074279785e-01
7.193819880485534668e-01
1.604848980903625488e+00
2.090692996978759766e+00
2.253700256347656250e+00
3.087656736373901367e+00
2.272064447402954102e+00
2.804777622222900391e+00
2.682433605194091797e+00
2.076465606689453125e+00
2.483605861663818359e+00
2.347236633300781250e+00
1.812606573104858398e+00
2.237757921218872070e+00
1.637591719627380371e+00
1.992666482925415039e+00
1.559342145919799805e+00
1.503644108772277832e+00
1.006045103073120117e+00
3.538134396076202393e-01
1.215366646647453308e-01
-1.875266730785369873e-01
-3.038164377212524414e-01
-5.095559358596801758e-02
-4.606940746307373047e-01
3.953851461410522461e-01
3.707650303840637207e-01
4.555228352546691895e-01
1.290135145187377930e+00
1.054074525833129883e+00
6.060184240341186523e-01
3.224833309650421143e-01
-1.392702162265777588e-01
-1.339980810880661011e-01
-8.421294689178466797e-01
-3.676874935626983643e-01
-6.563938260078430176e-01
-8.295924067497253418e-01
-3.870102763175964355e-01
-3.435718715190887451e-01
8.682631701231002808e-02
6.490027308464050293e-01
-1.627551913261413574e-01
7.194324582815170288e-02
-1.955231726169586182e-01
1.428925991058349609e+00
-6.310673952102661133e-01
-4.100411832332611084e-01
8.173075318336486816e-02
-2.057647407054901123e-01
1.318791359663009644e-01
1.300628930330276489e-01
-9.850574284791946411e-02
-2.061683535575866699e-01
-7.572959661483764648e-01
-6.642642021179199219e-01
-7.462724447250366211e-01
-1.177326440811157227e+00
-1.034650802612304688e+00
-8.547170162200927734e-01
-1.323584198951721191e+00
-1.257266283035278320e+00
-1.180706739425659180e+00
-1.016009211540222168e+00
-8.566594123840332031e-01
-9.700986742973327637e-01
-1.856675505638122559e+00
-3.895075917243957520e-01
-1.763517707586288452e-01
-7.029854059219360352e-01
-7.154720425605773926e-01
-1.401404976844787598e+00
-6.478928327560424805e-01
-4.948494434356689453e-01
-4.807483851909637451e-01
2.497328631579875946e-02
4.903845489025115967e-02
-2.722340524196624756e-01
-7.345677912235260010e-02
2.808611989021301270e-01
-5.647494196891784668e-01
-4.854907691478729248e-01
-5.283237695693969727e-01
-3.025046885013580322e-01
-9.962575435638427734e-01
-4.331225454807281494e-01
3.107383251190185547e+00
-2.310155183076858521e-01
-1.321818400174379349e-02
3.183463513851165771e-01
2.073539495468139648e-01
8.209400177001953125e-01
1.123747467994689941e+00
1.109873414039611816e+00
1.228837013244628906e+00
1.657671213150024414e+00
1.674723744392395020e+00
1.006852269172668457e+00
1.063660144805908203e+00
9.092294573783874512e-01
7.839593887329101562e-01
2.976613938808441162e-01
5.698450207710266113e-01
1.161383986473083496e+00
1.258250027894973755e-01
-3.108795881271362305e-01
-7.080809473991394043e-01
-1.096075057983398438e+00
-1.383923649787902832e+00
-1.271241188049316406e+00
-1.439319014549255371e+00
-8.843570351600646973e-01
-1.159668564796447754e+00
-6.456224918365478516e-01
-7.931414842605590820e-01
-6.504658460617065430e-01
-6.945853233337402344e-01
-1.736778616905212402e-01
-5.612683296203613281e-01
-5.645728707313537598e-01
2.529112696647644043e-01
-2.755638062953948975e-01
-1.925213336944580078e-01
4.407911300659179688e-01
-8.029290288686752319e-02
-3.745740652084350586e-01
-1.052485346794128418e+00
-5.445690155029296875e-01
-9.961819052696228027e-01
-1.026856184005737305e+00
1.962547190487384796e-02
-9.532480239868164062e-01
5.295850038528442383e-01
3.516440466046333313e-02
6.846211850643157959e-02
-5.763027071952819824e-01
-7.461715340614318848e-01
-3.814101815223693848e-01
-8.622342348098754883e-01
-1.321767926216125488e+00
-9.127610325813293457e-01
-1.030539035797119141e+00
-1.043202280998229980e+00
-1.233806490898132324e+00
-1.575108051300048828e+00
-1.217258572578430176e+00
-8.688181042671203613e-01
-5.094045996665954590e-01
-3.380474746227264404e-01
-6.057913899421691895e-01
2.528103888034820557e-01
-1.151142358779907227e+00
-9.589741826057434082e-01
-8.666487336158752441e-01
-1.287410736083984375e+00
-1.035130143165588379e+00
-1.253507614135742188e+00
-5.754198431968688965e-01
-5.690377950668334961e-01
-4.101168513298034668e-01
-2.875711768865585327e-03
3.919544816017150879e-01
6.557127237319946289e-01
1.136309742927551270e+00
9.363216757774353027e-01
1.292708158493041992e+00
1.178587794303894043e+00
6.180762052536010742e-01
3.845885992050170898e-01
6.969313025474548340e-01
-1.519838869571685791e-01
5.973913073539733887e-01
4.030032455921173096e-01
2.047809511423110962e-01
-3.938716053962707520e-01
-3.728334978222846985e-02
-1.717859357595443726e-01
-4.134718477725982666e-01
9.570570290088653564e-02
8.196282982826232910e-01
8.139777779579162598e-01
1.524631828069686890e-01
7.449102401733398438e-01
1.005591034889221191e+00
6.922897696495056152e-01
8.751749396324157715e-01
1.048978924751281738e+00
3.581522405147552490e-01
4.221746623516082764e-01
1.575082838535308838e-01
-3.569161891937255859e-01
4.056267067790031433e-02
-1.950186640024185181e-01
-3.480367958545684814e-01
2.650195360183715820e-01
-9.578138589859008789e-02
-1.015580296516418457e-01
-1.831374317407608032e-02
3.965959846973419189e-01
4.015906155109405518e-01
6.095499992370605469e-01
1.758876085281372070e+00
1.162292122840881348e+00
8.347636461257934570e-01
5.352860093116760254e-01
8.919247388839721680e-01
3.281843066215515137e-01
1.158810973167419434e+00
5.319562554359436035e-01
4.226287305355072021e-01
9.267864376306533813e-02
7.561103701591491699e-01
1.205125093460083008e+00
1.038535594940185547e+00
8.288103938102722168e-01
1.090752482414245605e+00
6.149987131357192993e-02
6.322529911994934082e-01
4.110754430294036865e-01
3.232401013374328613e-01
1.955988556146621704e-01
4.821105599403381348e-01
-1.427008956670761108e-01
3.027065098285675049e-01
-2.240532636642456055e-01
-1.325602233409881592e-01
-9.626318812370300293e-01
-5.774126648902893066e-01
-2.418624907732009888e-01
-9.469416141510009766e-01
7.806296348571777344e-01
-2.089683860540390015e-01
2.499851137399673462e-01
6.382566690444946289e-01
3.295969367027282715e-01
6.793238520622253418e-01
4.756528139114379883e-01
3.455899357795715332e-01
-3.838318586349487305e-01
-5.398265719413757324e-01
-1.010308146476745605e+00
-6.969817280769348145e-01
-1.220512628555297852e+00
-1.154623508453369141e+00
-8.410699963569641113e-01
-5.863677263259887695e-01
-4.600382149219512939e-01
-6.243574023246765137e-01
-1.309962391853332520e+00
-7.712709307670593262e-01
-1.202627658843994141e+00
-5.959281921386718750e-01
-5.709801316261291504e-01
4.710113108158111572e-01
-2.675092935562133789e+00
9.004005193710327148e-01
1.076020717620849609e+00
4.841790497303009033e-01
5.078910589218139648e-01
-7.903162389993667603e-02
1.306128144264221191e+00
7.590365409851074219e-01
5.383635163307189941e-01
1.213348582386970520e-01
-6.313196420669555664e-01
-1.667912900447845459e-01
-3.535864353179931641e-01
-3.862030506134033203e-01
-4.966404736042022705e-01
-1.426756680011749268e-01
-1.775297999382019043e+00
-3.698064386844635010e-02
9.673995375633239746e-01
8.143309354782104492e-01
2.392289400100708008e+00
1.192814946174621582e+00
1.722803592681884766e+00
1.610953569412231445e+00
8.615027070045471191e-01
8.880400061607360840e-01
4.895268678665161133e-01
3.092651441693305969e-02
7.613068819046020508e-02
-6.586641073226928711e-01
-4.643770158290863037e-01
6.587902307510375977e-01
-5.610160529613494873e-02
3.421592414379119873e-01
2.431237697601318359e-01
2.430228739976882935e-01
-1.139942258596420288e-01
3.360546827316284180e-01
1.803121715784072876e-01
-2.145180106163024902e-01
-1.987015902996063232e-01
1.740562468767166138e-01
2.349506914615631104e-01
3.465484976768493652e-01
-3.598171174526214600e-01
2.127017676830291748e-01
7.395119667053222656e-01
6.349269151687622070e-01
7.160522341728210449e-01
7.346182465553283691e-01
8.266914486885070801e-01
5.958272814750671387e-01
3.223319649696350098e-01
1.241096667945384979e-02
-7.153459191322326660e-01
-5.538772344589233398e-01
-5.729477405548095703e-01
