8.569278120994567871e-01
6.981694102287292480e-01
1.203577160835266113e+00
8.235678672790527344e-01
9.786042571067810059e-01
7.966868877410888672e-01
2.263053953647613525e-01
-2.959201484918594360e-02
1.894072741270065308e-01
7.295075058937072754e-01
7.830855846405029297e-01
1.241899728775024414e+00
1.646905899047851562e+00
1.651317238807678223e+00
1.412237644195556641e+00
1.729478716850280762e+00
8.556871414184570312e-01
1.234777450561523438e+00
1.859150528907775879e-01
1.015502400696277618e-02
-7.587778568267822266e-01
-2.653172314167022705e-01
5.366080403327941895e-01
2.011246234178543091e-01
4.816973507404327393e-01
-1.184209108352661133e+00
1.264783024787902832e+00
1.217316269874572754e+00
1.059706568717956543e+00
1.110803365707397461e+00
1.225908994674682617e+00
9.085759520530700684e-01
2.597112953662872314e-01
7.491283416748046875e-01
7.563425302505493164e-01
-1.683367490768432617e+00
5.714843273162841797e-01
5.704734325408935547e-01
7.310239076614379883e-01
6.584223508834838867e-01
1.481898307800292969e+00
1.743953108787536621e+00
2.029028892517089844e+00
7.178820967674255371e-01
2.299998044967651367e+00
1.737519979476928711e+00
7.909431457519531250e-01
4.902900755405426025e-01
-3.965513780713081360e-02
1.303610950708389282e-01
-5.363552570343017578e-01
-7.279681563377380371e-01
-9.006035923957824707e-01
-2.587003819644451141e-02
-4.946783185005187988e-01
-5.743561983108520508e-01
-6.773079633712768555e-01
-7.787203192710876465e-01
-9.349284768104553223e-01
-1.094674825668334961e+00
4.936858177185058594e+00
-6.932986378669738770e-01
-1.006633996963500977e+00
-1.068598031997680664e+00
-1.054835915565490723e+00
-1.249734282493591309e+00
-7.672097682952880859e-01
-4.782970249652862549e-01
-8.889781832695007324e-01
-4.790782034397125244e-01
-2.881775200366973877e-01
1.240705013275146484e+00
1.672684073448181152e+00
1.640472888946533203e+00
7.897024750709533691e-01
1.623884886503219604e-01
-2.192060798406600952e-01
-4.355862140655517578e-01
-1.400796025991439819e-01
-7.080946862697601318e-02
3.313478529453277588e-01
8.221433758735656738e-01
9.072893857955932617e-01
1.299980878829956055e+00
1.096742630004882812e+00
8.050498962402343750e-01
7.010183334350585938e-01
7.024887204170227051e-01
5.024209618568420410e-01
-5.236293315887451172e+00
5.725411698222160339e-02
-3.230997920036315918e-01
-9.217867255210876465e-01
-2.747370600700378418e-01
-1.129160523414611816e+00
-3.222267329692840576e-01
-3.926226496696472168e-01
-1.484425514936447144e-01
-1.286609377712011337e-02
4.914847910404205322e-01
6.261652112007141113e-01
5.302668809890747070e-01
9.828776866197586060e-02
4.934606552124023438e-01
-7.692545652389526367e-01
6.650391817092895508e-01
4.964933693408966064e-01
3.335534930229187012e-01
5.547124743461608887e-01
6.203294992446899414e-01
1.209366917610168457e+00
1.212721228599548340e+00
1.833969831466674805e+00
1.178993701934814453e+00
1.202474355697631836e+00
3.585182905197143555e+00
-2.173933267593383789e+00
9.411547780036926270e-01
7.134249210357666016e-01
3.450410664081573486e-01
7.473362684249877930e-01
4.947932064533233643e-01
6.936662793159484863e-01
9.596727490425109863e-01
-1.213778108358383179e-01
5.035697221755981445e-01
-5.164840698242187500e+00
1.032320261001586914e+00
-3.933716297149658203e+00
1.092469215393066406e+00
8.742051124572753906e-01
6.733102798461914062e-01
-5.291181057691574097e-02
-1.105978608131408691e+00
-9.390640258789062500e-01
-1.283507704734802246e+00
-1.187678337097167969e+00
-9.675532579421997070e-01
-1.011160135269165039e+00
-1.085875391960144043e+00
-4.334035515785217285e-01
-8.707358837127685547e-01
-4.167695343494415283e-01
-8.284615874290466309e-01
-5.301060676574707031e-01
-3.640185594558715820e-01
1.312341541051864624e-01
-2.705096304416656494e-01
4.771023392677307129e-01
5.170331597328186035e-01
6.198240518569946289e-01
1.512684971094131470e-01
2.349900156259536743e-01
1.519577652215957642e-01
4.356091842055320740e-02
-2.102457582950592041e-01
-2.848461270332336426e-01
-4.964474141597747803e-01
-4.754481315612792969e-01
4.870735481381416321e-02
-5.863263010978698730e-01
-4.327372908592224121e-01
-4.397676885128021240e-01
-2.079918861389160156e+00
-2.519456744194030762e-01
-2.053290754556655884e-01
3.718760609626770020e-01
-1.130378246307373047e-02
2.394012548029422760e-02
1.822849810123443604e-01
-3.533580899238586426e-02
-3.947133719921112061e-01
-1.973107457160949707e-01
-4.973434507846832275e-01
-9.880470633506774902e-01
-7.421208620071411133e-01
-9.452443718910217285e-01
-4.903819859027862549e-01
-2.209521830081939697e-01
-2.872125804424285889e-01
-1.089941933751106262e-01
-7.418911457061767578e-01
-1.468756556510925293e+00
-1.904434561729431152e+00
-2.200400829315185547e+00
-2.652529001235961914e+00
-3.176339864730834961e+00
-3.121452093124389648e+00
-2.782821178436279297e+00
-4.532977581024169922e+00
-2.040286779403686523e+00
-1.800908565521240234e+00
-1.452168464660644531e+00
-4.008018076419830322e-01
-6.644188761711120605e-01
-5.449020266532897949e-01
-2.917846143245697021e-01
-2.346224039793014526e-01
-3.492639064788818359e+00
-3.584126234054565430e-01
2.065008163452148438e+00
7.843722403049468994e-02
-2.863257169723510742e+00
-8.987426161766052246e-01
-1.232755541801452637e+00
-5.320589542388916016e-01
-8.496217131614685059e-01
-4.392622411251068115e-01
-7.203404307365417480e-01
-8.607187271118164062e-01
-5.270962715148925781e-01
-8.098286986351013184e-01
-1.331824541091918945e+00
-1.013503551483154297e+00
-1.364862799644470215e+00
-1.365827798843383789e+00
-1.460324645042419434e+00
-1.335868120193481445e+00
-9.676681160926818848e-01
-9.084151387214660645e-01
5.964353308081626892e-02
5.201577767729759216e-02
4.421800673007965088e-01
2.178964912891387939e-01
2.882924079895019531e-01
-3.861895799636840820e-01
-6.146087050437927246e-01
1.367481946945190430e-01
-2.442949563264846802e-01
-1.082360148429870605e-01
-6.725980043411254883e-01
1.534741222858428955e-01
7.560208439826965332e-01
4.055117070674896240e-01
7.202255725860595703e-01
5.345402359962463379e-01
5.159303545951843262e-01
-8.399721235036849976e-02
3.274880349636077881e-01
-3.006760179996490479e-01
7.039591670036315918e-02
-3.421002328395843506e-01
-2.065237760543823242e-01
4.916685633361339569e-03
-1.199074015021324158e-01
1.863286048173904419e-01
5.055915117263793945e-01
1.000890254974365234e+00
6.110016107559204102e-01
1.316568970680236816e+00
1.880425572395324707e+00
1.806905031204223633e+00
1.731960058212280273e+00
1.390824794769287109e+00
1.415591955184936523e+00
1.084749579429626465e+00
1.183634638786315918e+00
1.281049370765686035e+00
8.124938011169433594e-01
1.807088851928710938e+00
3.846502602100372314e-01
1.713028550148010254e-01
-1.107517957687377930e+00
1.010907348245382309e-03
7.057511806488037109e-01
7.507825493812561035e-01
1.841689467430114746e+00
2.368280172348022461e+00
2.110039472579956055e+00
2.368647813796997070e+00
1.477119445800781250e+00
1.785078644752502441e+00
2.375632338225841522e-02
1.821011751890182495e-01
7.976518869400024414e-01
1.753924340009689331e-01
-4.875330626964569092e-02
2.639846801757812500e-01
-4.168154895305633545e-01
-1.266161501407623291e-01
5.132652521133422852e-01
-7.911039590835571289e-01
-5.579289793968200684e-01
-6.131842732429504395e-01
-4.025019705295562744e-01
-8.800867795944213867e-01
-1.226827979087829590e+00
-1.749030590057373047e+00
-1.506527662277221680e+00
-1.326080679893493652e+00
-1.427630901336669922e+00
-1.111653447151184082e+00
-3.404000699520111084e-01
-9.757094383239746094e-01
-8.432345986366271973e-01
-3.358050584793090820e-01
-6.280721426010131836e-01
6.372851729393005371e-01
3.857530653476715088e-01
4.518755972385406494e-01
1.129321336746215820e+00
6.492322683334350586e-01
6.201916933059692383e-01
1.216075658798217773e+00
4.188832640647888184e-01
3.267987966537475586e-01
2.367820739746093750e-01
2.015841156244277954e-01
-6.656824946403503418e-01
-9.372259974479675293e-01
-1.408860206604003906e+00
-1.051596403121948242e+00
-1.254260301589965820e+00
-8.712183237075805664e-01
-8.329187631607055664e-01
-8.456010222434997559e-01
2.053979933261871338e-01
-5.801230072975158691e-01
-1.154731884598731995e-01
-4.558273255825042725e-01
-2.917157113552093506e-01
-8.035105466842651367e-01
-2.227212786674499512e-01
-9.428778886795043945e-01
-2.430772781372070312e-01
-4.289463758468627930e-01
-4.480846822261810303e-01
-3.999517261981964111e-01
-4.719329178333282471e-01
-7.071526646614074707e-01
-1.256833553314208984e+00
-1.668112039566040039e+00
-1.509307622909545898e+00
-1.728192090988159180e+00
-1.903929114341735840e+00
-2.015772342681884766e+00
-1.398406505584716797e+00
-1.268275141716003418e+00
-1.172101140022277832e+00
-8.274506330490112305e-01
1.124404668807983398e-01
3.953107297420501709e-01
6.034197807312011719e-01
6.079229116439819336e-01
6.017655730247497559e-01
3.277177810668945312e-01
8.698398619890213013e-02
-7.757565379142761230e-01
-9.012928605079650879e-01
-9.658071398735046387e-01
-1.406723499298095703e+00
-9.771568775177001953e-01
-1.509353637695312500e+00
-9.185242056846618652e-01
-8.972032666206359863e-01
-1.141865849494934082e-01
-3.755291104316711426e-01
-1.066737025976181030e-01
2.927036285400390625e-01
5.881642922759056091e-02
2.612735927104949951e-01
4.500835239887237549e-01
6.813974976539611816e-01
4.701638221740722656e-01
4.748507738113403320e-01
-4.595033533405512571e-05
-9.543884545564651489e-02
-1.670754253864288330e-01
-1.393443942070007324e-01
-1.143336296081542969e+00
-9.331823587417602539e-01
-1.123485684394836426e+00
-1.382369875907897949e+00
-9.950085282325744629e-01
-1.781012058258056641e+00
-2.144134521484375000e+00
-1.920861840248107910e+00
-1.503426074981689453e+00
-7.009493708610534668e-01
-5.716910958290100098e-01
-3.882803320884704590e-01
2.721178829669952393e-01
-3.232606053352355957e-01
2.929333746433258057e-01
3.334615826606750488e-01
7.580426931381225586e-01
6.023629307746887207e-01
2.698203623294830322e-01
4.529324471950531006e-01
1.047667637467384338e-01
4.181480407714843750e-01
-1.326356381177902222e-01
2.498779147863388062e-01
5.393650531768798828e-01
4.157126843929290771e-01
2.614114582538604736e-01
7.061188220977783203e-01
2.286029160022735596e-01
-1.841229945421218872e-01
2.135771512985229492e-01
-1.678106188774108887e-01
-6.487957835197448730e-01
2.739559113979339600e-01
1.128172636032104492e+00
1.484195794910192490e-02
2.568623721599578857e-01
-8.271060138940811157e-02
6.175265312194824219e-01
3.041912317276000977e-01
5.595372319221496582e-01
4.597790539264678955e-01
1.614694744348526001e-01
8.359744548797607422e-01
3.234443962574005127e-01
2.556630611419677734e+00
1.048035264015197754e+00
-5.741034746170043945e-01
1.513144493103027344e+00
1.258441805839538574e+00
1.105243444442749023e+00
7.197660207748413086e-01
6.398124694824218750e-01
3.468515157699584961e+00
9.252099990844726562e-01
-3.139097094535827637e-01
7.797771692276000977e-02
-9.842561930418014526e-02
-5.213754773139953613e-01
3.489468395709991455e-01
4.032601416110992432e-01
-5.802838206291198730e-01
4.492104649543762207e-01
3.208252489566802979e-01
6.405476927757263184e-01
8.167672157287597656e-01
1.715739607810974121e+00
1.327137589454650879e+00
1.936484932899475098e+00
1.766514658927917480e+00
2.162974119186401367e+00
1.628158211708068848e+00
1.175271749496459961e+00
2.196012496948242188e+00
2.051452636718750000e+00
1.666159152984619141e+00
1.723826766014099121e+00
1.372490525245666504e+00
1.136030077934265137e+00
8.022009730339050293e-01
3.409974277019500732e-01
2.743235044181346893e-02
-5.223634243011474609e-01
-4.907955229282379150e-01
-4.334035515785217285e-01
-5.139315128326416016e-01
-6.357228755950927734e-01
-1.361623287200927734e+00
-1.114479422569274902e+00
-1.551467061042785645e+00
-1.085392832756042480e+00
-1.651041507720947266e+00
-9.936070442199707031e-01
-1.288401484489440918e+00
-9.688857793807983398e-01
-1.097454786300659180e+00
-1.581495642662048340e+00
-1.285529494285583496e+00
-2.450255632400512695e+00
-2.145053625106811523e+00
-6.897605061531066895e-01
-3.912900686264038086e-01
-4.272921681404113770e-01
-3.001705706119537354e-01
-4.394230544567108154e-01
-3.510375916957855225e-01
-9.262668490409851074e-01
-7.579967379570007324e-01
-5.679691433906555176e-01
-8.955950140953063965e-01
-8.901498913764953613e-01
1.801253110170364380e-02
-8.432805538177490234e-01
1.827444881200790405e-01
-5.368607640266418457e-01
-5.698071122169494629e-01
3.547365963459014893e-01
-6.230176091194152832e-01
-1.051964044570922852e+00
-4.180331826210021973e-01
-2.627991676330566406e+00
1.412972807884216309e-01
-4.701867997646331787e-01
-3.789064586162567139e-01
-7.412707805633544922e-01
-1.149953126907348633e+00
-9.463012218475341797e-01
-1.278614044189453125e+00
-1.918380498886108398e+00
-9.511948823928833008e-01
-9.586848020553588867e-01
-1.524540185928344727e+00
-1.589582920074462891e+00
-1.253111600875854492e+00
-1.062969088554382324e+00
-3.452937901020050049e-01
-1.131526976823806763e-01
3.814796805381774902e-01
1.162405610084533691e+00
1.549445241689682007e-01
-3.305437266826629639e-01
-4.876938760280609131e-01
1.337154768407344818e-02
-3.249148130416870117e-01
-3.581828474998474121e-01
-9.652327299118041992e-01
-4.018586575984954834e-01
-4.582167267799377441e-01
-1.539565920829772949e-01
7.581805437803268433e-02
-2.545648626983165741e-02
7.124139666557312012e-01
2.374253869056701660e-01
-1.225265711545944214e-01
3.801011741161346436e-01
4.227890372276306152e-01
7.113111615180969238e-01
3.227551579475402832e-01
1.255363225936889648e-01
-2.772643268108367920e-01
-1.125093922019004822e-01
-4.878087639808654785e-01
-7.977207899093627930e-01
4.489807188510894775e-01
1.504873484373092651e-01
3.916806578636169434e-01
1.276040792465209961e+00
1.863148212432861328e+00
1.606745362281799316e+00
1.518428802490234375e+00
1.068391203880310059e+00
3.511065244674682617e-01
-3.676026826724410057e-03
-1.888788491487503052e-01
-2.662822008132934570e-01
1.100051030516624451e-01
5.348619222640991211e-01
8.413965702056884766e-01
7.872211337089538574e-01
9.810855984687805176e-01
9.981331825256347656e-01
1.180601954460144043e+00
4.298653900623321533e-01
2.876490950584411621e-01
6.404098272323608398e-01
9.176281839609146118e-02
-4.842475950717926025e-01
8.565142750740051270e-02
-1.815957278013229370e-01
-3.188264071941375732e-01
-2.472127974033355713e-02
-2.823188602924346924e-01
-1.213778108358383179e-01
-2.894871169701218605e-03
-4.538514614105224609e-01
6.816272735595703125e-01
-6.543327867984771729e-02
9.502529352903366089e-02
-6.663487553596496582e-01
-3.605033457279205322e-01
-2.135771512985229492e-01
-8.331714868545532227e-01
-7.843722105026245117e-01
-4.443627297878265381e-01
-6.244880557060241699e-01
-6.195483803749084473e-01
-1.342186331748962402e+00
-9.600633382797241211e-01
-7.481403946876525879e-01
-7.564573884010314941e-01
-1.346735358238220215e+00
-2.941051125526428223e-01
-3.782401680946350098e-01
1.268229186534881592e-01
-1.925089359283447266e-01
2.127500474452972412e-01
4.017897248268127441e-01
-5.318521261215209961e-01
4.228809475898742676e-01
-5.242473483085632324e-01
-4.215024113655090332e-01
-1.411479473114013672e+00
-1.146024346351623535e+00
3.603425323963165283e-01
-9.637623429298400879e-01
-1.106713771820068359e+00
-6.812826395034790039e-01
-9.213961362838745117e-01
-1.825377047061920166e-01
-3.538175718858838081e-03
8.873009681701660156e-02
1.224116906523704529e-01
4.489347711205482483e-02
3.562069833278656006e-01
-4.925646185874938965e-01
-9.477256536483764648e-01
-6.377676725387573242e-01
-1.460025906562805176e+00
-1.358360886573791504e+00
-1.211250782012939453e+00
-1.638152360916137695e+00
-1.156340122222900391e+00
-5.405597686767578125e-01
5.555855035781860352e-01
1.753924340009689331e-01
1.102762103080749512e+00
1.748226404190063477e+00
1.764584779739379883e+00
1.667951226234436035e+00
1.211710333824157715e+00
1.376396298408508301e+00
1.353972554206848145e+00
8.277952671051025391e-01
3.410433828830718994e-01
1.087966084480285645e+00
-2.137379795312881470e-01
-4.059482216835021973e-01
-5.591925978660583496e-01
-5.315764546394348145e-01
-2.856042981147766113e-01
5.581586956977844238e-01
1.830615401268005371e+00
3.387458622455596924e-01
4.717261493206024170e-01
5.196523666381835938e-01
5.420301556587219238e-01
2.440881729125976562e-01
7.391111254692077637e-01
5.076133608818054199e-01
6.404098272323608398e-01
6.714722514152526855e-01
4.321169555187225342e-01
2.928874492645263672e-01
4.057414457201957703e-02
1.746112713590264320e-03
-1.081670895218849182e-01
4.512782394886016846e-01
5.596291422843933105e-01
6.644418239593505859e-01
3.192629218101501465e-01
2.093037813901901245e-01
2.201480567455291748e-01
2.279136702418327332e-02
6.243731379508972168e-01
-5.179062485694885254e-01
-1.034043312072753906e+00
-6.361134648323059082e-01
-4.272921681404113770e-01
-3.508078455924987793e-01
3.138408064842224121e-02
6.891631484031677246e-01
7.765606790781021118e-02
9.392248839139938354e-02
-4.123353362083435059e-01
-4.215943068265914917e-02
-2.623304724693298340e-01
3.525769114494323730e-01
3.030883967876434326e-01
1.886077404022216797e+00
-4.190670698881149292e-02
-3.022153675556182861e-01
-4.434437155723571777e-01
-5.540691614151000977e-01
-4.423409104347229004e-01
-7.622241377830505371e-01
-3.675659179687500000e+00
-2.819282710552215576e-01
-2.557136118412017822e-01
3.501415625214576721e-02
4.483374059200286865e-01
-2.757020120043307543e-04
1.568284928798675537e-01
3.028126955032348633e-01
7.500473260879516602e-01
5.003532171249389648e-01
-4.230877161026000977e-01
4.585383832454681396e-01
1.533408641815185547e+00
1.266345262527465820e+00
1.454098343849182129e+00
1.415729880332946777e+00
1.307976245880126953e+00
1.367849588394165039e+00
5.551719665527343750e-01
1.346620559692382812e+00
4.423638880252838135e-01
7.312536239624023438e-01
3.307964503765106201e-01
-1.191170573234558105e+00
-1.701885581016540527e+00
1.430433988571166992e-01
-3.140245974063873291e-01
-2.060642838478088379e-01
2.658686339855194092e-01
-4.138746559619903564e-01
-1.966214776039123535e-01
-1.338992714881896973e-01
-3.602276444435119629e-01
6.240055337548255920e-02
1.345517754554748535e+00
1.334213972091674805e+00
1.857312560081481934e+00
1.391927599906921387e+00
1.048816442489624023e+00
1.322864174842834473e+00
1.639048457145690918e-01
-1.994244568049907684e-02
-3.388837352395057678e-02
-2.513712942600250244e-01
-2.655010223388671875e-01
-3.912670910358428955e-02
-3.201130032539367676e-01
-5.744481086730957031e-01
-2.629048526287078857e-01
-3.845123946666717529e-01
-1.906709223985671997e-01
1.941861212253570557e-01
-1.841919124126434326e-01
-2.964256107807159424e-01
8.289440721273422241e-02
-1.290239453315734863e+00
-1.930833011865615845e-01
-2.167936861515045166e-01
4.861545562744140625e-01
6.887495517730712891e-01
8.693343997001647949e-01
9.494717717170715332e-01
4.128637611865997314e-01
4.230647385120391846e-01
4.332657158374786377e-01
7.099326699972152710e-02
-5.861424803733825684e-01
-8.703682422637939453e-01
-9.507353901863098145e-01
-7.603631615638732910e-01
-8.669909238815307617e-01
-2.821350693702697754e-01
1.342668831348419189e-01
-7.457739114761352539e-02
2.487751096487045288e-01
1.047208160161972046e-01
1.005806922912597656e+00
1.551513075828552246e+00
6.771700978279113770e-01
1.144347190856933594e+00
1.548847913742065430e+00
8.852332234382629395e-01
5.346321463584899902e-01
6.283248662948608398e-01
2.715664803981781006e-01
7.393408566713333130e-02
-5.521851778030395508e-01
-2.931631505489349365e-01
1.471789181232452393e-01
-1.094720840454101562e+00
-1.437579154968261719e+00
-1.085714459419250488e+00
-1.301014780998229980e+00
-1.469537615776062012e+00
-4.370428085327148438e+00
-2.557296991348266602e+00
-1.156110405921936035e+00
-3.537026941776275635e-01
-1.491547822952270508e-01
-2.098092287778854370e-01
6.001113653182983398e-01
3.602506220340728760e-02
4.595033533405512571e-05
-4.863842949271202087e-02
-1.805618405342102051e-01
6.322766095399856567e-02
-4.545177519321441650e-01
-6.027764678001403809e-01
-1.600679904222488403e-01
-6.399043798446655273e-01
-9.029700160026550293e-01
-8.128154873847961426e-01
-9.215109944343566895e-01
-1.225725188851356506e-01
-9.075190871953964233e-02
1.501656919717788696e-01
1.088057994842529297e+00
8.844980001449584961e-01
1.708203673362731934e+00
1.918380498886108398e+00
7.783527374267578125e-01
1.183726549148559570e+00
8.638662695884704590e-01
4.255000874400138855e-02
1.687755733728408813e-01
-1.560013890266418457e-01
-2.011016458272933960e-01
1.337154768407344818e-02
-3.423070311546325684e-01
-8.186051994562149048e-02
-2.362536489963531494e-01
-1.491777598857879639e-01
-6.191807612776756287e-02
-4.950689077377319336e-01
-9.206149727106094360e-02
-3.297166228294372559e-01
-1.972418129444122314e-01
-7.246367633342742920e-02
-4.199860617518424988e-02
4.256839156150817871e-01
-3.630995452404022217e-01
-5.206172913312911987e-02
-3.116121888160705566e-01
-3.948742151260375977e-01
-1.309584528207778931e-01
-3.243404328823089600e-01
-6.763200163841247559e-01
2.982176654040813446e-02
-8.494378924369812012e-01
-3.045588135719299316e-01
-5.598359107971191406e-01
-4.571598768234252930e-01
-3.906008303165435791e-01
-5.332444667816162109e+00
-1.833877861499786377e-01
-4.128407835960388184e-01
7.730224728584289551e-01
3.058913946151733398e-01
3.432030379772186279e-01
8.910229206085205078e-01
5.091756582260131836e-01
9.596727490425109863e-01
1.291250348091125488e+00
1.564333200454711914e+00
1.583770155906677246e+00
1.756865143775939941e+00
1.849822640419006348e+00
1.690053343772888184e+00
1.575039625167846680e+00
1.125829100608825684e+00
1.087920188903808594e+00
1.383518695831298828e+00
-4.434207454323768616e-02
1.666986227035522461e+00
1.768950104713439941e+00
2.483753442764282227e+00
2.934342384338378906e+00
3.073755741119384766e+00
2.501168727874755859e+00
2.412989854812622070e+00
2.309371948242187500e+00
1.747445344924926758e+00
1.598704099655151367e+00
1.236431598663330078e+00
-8.838776946067810059e-01
1.135478734970092773e+00
4.486131072044372559e-01
-4.242134988307952881e-01
-4.482225477695465088e-01
-9.550547599792480469e-01
-1.135593652725219727e+00
-9.405803680419921875e-01
-1.124450683593750000e+00
-2.244444131851196289e+00
-1.488905787467956543e+00
-1.596590399742126465e+00
-7.767674326896667480e-01
-1.041487336158752441e+00
-5.497038364410400391e-01
-2.679823637008666992e-01
5.200659036636352539e-01
1.034939408302307129e+00
6.681638360023498535e-01
1.214972853660583496e+00
-3.715750932693481445e+00
8.035334944725036621e-01
5.976300835609436035e-01
-9.860941767692565918e-02
3.917266130447387695e-01
3.318992555141448975e-01
8.056472539901733398e-01
1.281508922576904297e+00
1.283852338790893555e+00
7.853371500968933105e-01
2.061791568994522095e-01
-7.711385488510131836e-01
-6.147695183753967285e-01
-5.891062617301940918e-01
-8.308050036430358887e-01
-7.503229975700378418e-01
-1.571662306785583496e+00
-4.696353971958160400e-01
-4.491415619850158691e-01
-9.948707222938537598e-01
-2.797226607799530029e-01
-5.804446339607238770e-01
1.934509165585041046e-02
-8.911837935447692871e-01
-5.807203054428100586e-01
-1.619404673576354980e+00
-1.849684834480285645e+00
-1.261129975318908691e+00
-1.506022214889526367e+00
-1.046909451484680176e+00
-8.379273414611816406e-01
-3.608939349651336670e-01
-1.230320185422897339e-01
3.057994842529296875e-01
3.506010472774505615e-01
3.839150369167327881e-01
2.311301827430725098e-01
6.743211746215820312e-01
3.236282169818878174e-01
7.863021492958068848e-01
4.787105917930603027e-01
2.568164169788360596e-01
9.595808386802673340e-01
7.908512353897094727e-01
9.113789200782775879e-01
7.412248253822326660e-01
6.686692833900451660e-01
8.565601706504821777e-01
6.550679802894592285e-01
6.129774451255798340e-01
2.731747329235076904e-01
-4.731046557426452637e-01
-1.958633065223693848e-01
-6.199849247932434082e-01
-6.772620081901550293e-01
-6.406625509262084961e-01
-5.987558364868164062e-01
-5.852923989295959473e-01
-1.276798963546752930e+00
-9.625676274299621582e-01
-5.794796943664550781e-01
-6.391691565513610840e-01
6.501972675323486328e-02
3.347481787204742432e-01
3.199981451034545898e-01
6.861304044723510742e-01
-4.617549180984497070e-01
1.202658176422119141e+00
1.312341541051864624e-01
3.704515993595123291e-01
-2.299814224243164062e-01
-1.141636073589324951e-01
4.370795786380767822e-01
4.824785292148590088e-01
5.417085289955139160e-01
4.538146972656250000e+00
8.294035196304321289e-01
3.471088409423828125e-01
1.493156194686889648e+00
3.483954370021820068e-01
-7.999953627586364746e-02
1.869719177484512329e-01
-2.253404408693313599e-01
-9.289549589157104492e-01
4.006409645080566406e-01
-5.711626634001731873e-02
-4.874871075153350830e-01
6.233622431755065918e-01
4.974123835563659668e-01
3.747249841690063477e-01
-5.914795875549316406e+00
7.245448827743530273e-01
3.932429552078247070e-01
8.141480088233947754e-01
3.254202604293823242e-01
6.761592030525207520e-01
5.370675325393676758e-01
3.648456633090972900e-01
9.693682789802551270e-01
4.776537418365478516e-01
1.124542593955993652e+00
6.511622071266174316e-01
9.729983210563659668e-01
5.395947694778442383e-01
1.098396778106689453e+00
1.022165179252624512e+00
7.132411003112792969e-01
1.161900162696838379e+00
1.291893720626831055e+00
1.400428414344787598e+00
7.403058409690856934e-01
6.674745678901672363e-01
6.300709843635559082e-01
5.699679851531982422e-01
7.022130489349365234e-01
2.321410924196243286e-01
6.953664422035217285e-01
9.542965292930603027e-01
9.481391906738281250e-01
1.706273794174194336e+00
1.739266157150268555e+00
1.671948909759521484e+00
1.339130640029907227e+00
1.351629137992858887e+00
1.687434196472167969e+00
1.331319093704223633e+00
1.578485965728759766e+00
1.801161289215087891e+00
1.087552547454833984e+00
1.575820803642272949e+00
9.496555924415588379e-01
9.638542532920837402e-01
3.467871844768524170e-01
6.629714369773864746e-01
5.242933332920074463e-02
5.116569995880126953e-01
1.312801092863082886e-01
-6.963773071765899658e-02
1.020097453147172928e-02
5.155168175697326660e-01
7.002371549606323242e-01
2.306706830859184265e-02
4.755400121212005615e-01
8.525165915489196777e-01
1.264277577400207520e+00
1.244840502738952637e+00
9.162956476211547852e-01
5.709329247474670410e-01
3.531742691993713379e-01
8.698398619890213013e-02
-1.178166568279266357e-01
-7.195822149515151978e-02
-4.119217693805694580e-01
-1.076960921287536621e+00
-3.730018436908721924e-01
1.614235341548919678e-01
-2.402283549308776855e-01
3.109918534755706787e-01
4.958500564098358154e-01
4.161721765995025635e-01
-1.860069632530212402e-01
-5.279923081398010254e-01
-9.672315716743469238e-01
-9.019361734390258789e-01
-1.079281449317932129e+00
-5.519094467163085938e-01
-1.106369137763977051e+00
-1.572305560111999512e+00
-6.999155282974243164e-01
-8.909999728202819824e-01
-1.025450706481933594e+00
-3.764021694660186768e-01
-3.458222150802612305e-01
-2.467533014714717865e-02
-8.790988326072692871e-01
-7.867616415023803711e-01
-1.214743018150329590e+00
-1.147701501846313477e+00
-1.745009899139404297e+00
-1.597624182701110840e+00
-1.284403800964355469e+00
-5.800999999046325684e-01
-1.453868597745895386e-01
8.177321553230285645e-01
9.146873950958251953e-01
7.803285717964172363e-01
4.657066464424133301e-01
3.599749207496643066e-01
2.140366584062576294e-01
3.992624580860137939e-01
-1.261336654424667358e-01
8.464051783084869385e-02
-1.966904103755950928e-01
-1.284311860799789429e-01
-6.091635823249816895e-01
-3.664309382438659668e-01
-5.794566869735717773e-01
-5.270503163337707520e-01
-4.357700049877166748e-01
-1.853176951408386230e-01
4.824785050004720688e-03
3.703597187995910645e-02
-5.454304814338684082e-02
-3.866720572113990784e-02
-8.690816760063171387e-01
2.309463769197463989e-01
-9.065312147140502930e-01
-8.532288074493408203e-01
-5.619036555290222168e-01
-1.129275441169738770e+00
-1.572190761566162109e+00
-1.024899244308471680e+00
-1.685228496789932251e-01
2.387579381465911865e-01
-9.128034114837646484e-01
7.917242497205734253e-02
2.445017397403717041e-01
1.899586915969848633e-01
2.578273415565490723e-01
-6.059930324554443359e-01
3.993084281682968140e-02
5.750684142112731934e-01
5.486469864845275879e-01
1.678611636161804199e+00
1.629720568656921387e+00
1.937817573547363281e+00
2.309831380844116211e+00
2.055266618728637695e+00
1.710685014724731445e+00
1.460163831710815430e+00
9.234179258346557617e-01
-2.435367787256836891e-03
3.113594651222229004e-01
-6.634539365768432617e-01
-8.379273414611816406e-01
-7.609375715255737305e-01
-4.275448918342590332e-01
-1.485574394464492798e-01
-1.239050775766372681e-01
7.908512353897094727e-01
9.286103248596191406e-01
1.146368980407714844e+00
1.136535644531250000e+00
1.298326730728149414e+00
1.363438367843627930e+00
1.249803185462951660e+00
9.407871365547180176e-01
9.081164598464965820e-01
2.999637722969055176e-01
-8.085880279541015625e-01
-5.140693783760070801e-01
-8.749403357505798340e-01
-1.286862134933471680e+00
-1.152572274208068848e+00
-9.364448785781860352e-01
-1.388779997825622559e+00
-1.099292874336242676e+00
-6.884738802909851074e-01
-4.899454414844512939e-01
-4.004571735858917236e-01
-9.515165686607360840e-01
-5.026736855506896973e-01
-9.607526063919067383e-01
-5.769294500350952148e-01
-7.350904941558837891e-01
-7.037523388862609863e-01
-2.518537938594818115e-01
-1.327275484800338745e-01
-2.472127974033355713e-02
-1.008609831333160400e-01
3.271663933992385864e-02
-2.238309860229492188e+00
-5.972854495048522949e-01
-7.939298748970031738e-01
-1.034456968307495117e+00
-3.939781785011291504e-01
-1.076938033103942871e+00
-2.541283369064331055e-01
1.043486118316650391e+00
5.335752964019775391e-01
1.852717548608779907e-01
-7.489904761314392090e-03
8.163077235221862793e-01
1.044680833816528320e+00
6.583304405212402344e-01
7.133330106735229492e-01
1.876611709594726562e-01
4.645578861236572266e-01
8.923555016517639160e-01
1.206242203712463379e+00
1.279487133026123047e+00
1.368079304695129395e+00
1.466688752174377441e+00
1.466642737388610840e+00
1.550548076629638672e+00
1.541541814804077148e+00
1.616119265556335449e+00
1.329067468643188477e+00
1.130929589271545410e+00
2.031464278697967529e-01
-4.436504840850830078e-02
-3.189642429351806641e-01
-6.311278790235519409e-02
-1.300853937864303589e-01
-6.660500913858413696e-02
-1.219292134046554565e-01
-9.056121706962585449e-01
-2.725084722042083740e-01
-1.018489152193069458e-01
-3.939552009105682373e-01
-1.925318986177444458e-01
2.285110205411911011e-01
6.004330515861511230e-01
1.195122241973876953e+00
1.041602253913879395e+00
1.628250122070312500e+00
1.214099764823913574e+00
1.607985973358154297e+00
1.268550872802734375e+00
3.820770382881164551e-01
6.115989685058593750e-01
-2.770001173019409180e+00
4.718639850616455078e-01
3.407676815986633301e-01
9.115627408027648926e-01
3.937943652272224426e-02
3.438463509082794189e-01
-2.193898707628250122e-01
-5.849707126617431641e-01
-8.090475201606750488e-01
-1.374948859214782715e+00
-1.861333250999450684e+00
-1.515786647796630859e+00
-1.620898127555847168e+00
-9.402127861976623535e-01
-4.592276513576507568e-01
-3.720139265060424805e-01
2.031004875898361206e-01
5.769064426422119141e-01
2.997799813747406006e-01
-1.788616776466369629e-01
-3.432949483394622803e-01
-2.658456563949584961e-01
-3.432489931583404541e-01
7.442575693130493164e-01
1.821930855512619019e-01
2.365523278713226318e-01
2.508428692817687988e-01
6.810758709907531738e-01
2.314977943897247314e-01
1.674889773130416870e-01
-2.050074189901351929e-01
8.840844780206680298e-02
6.635228544473648071e-02
-4.250635802745819092e-01
-4.822947084903717041e-01
-5.529893040657043457e-01
-2.482466846704483032e-01
4.613413661718368530e-02
-5.864641070365905762e-01
3.170572966337203979e-02
-1.511766016483306885e-02
3.630076535046100616e-03
-3.687284588813781738e-01
-4.448451995849609375e-01
-2.407567799091339111e-01
-1.447435561567544937e-02
3.230768144130706787e-01
7.585481405258178711e-01
1.033698678016662598e+00
7.813854217529296875e-01
3.528066873550415039e-01
2.913710772991180420e-01
5.633051395416259766e-01
5.129895210266113281e-01
3.809742331504821777e-01
2.593436837196350098e-01
-2.301882058382034302e-01
-2.513483464717864990e-01
-1.911074370145797729e-01
-3.459600806236267090e-01
-4.300491809844970703e-01
-8.081285357475280762e-01
-4.038115441799163818e-01
1.251227557659149170e-01
5.622023344039916992e-01
3.109459280967712402e-01
7.554694414138793945e-01
3.440760970115661621e-01
2.523592412471771240e-01
2.699582278728485107e-01
4.914388358592987061e-01
1.938644647598266602e-01
2.872814834117889404e-01
6.402719616889953613e-01
1.196546703577041626e-01
5.361484885215759277e-01
2.624223530292510986e-01
2.210670560598373413e-01
-5.187792703509330750e-02
-2.206994593143463135e-01
6.469807028770446777e-02
-2.695216894149780273e+00
-3.863044679164886475e-01
-5.152181386947631836e-01
-1.362197697162628174e-01
2.264892011880874634e-01
-3.208482265472412109e-01
-2.413311600685119629e-01
-5.192387849092483521e-02
-3.044209778308868408e-01
-1.600909680128097534e-01
5.337131619453430176e-01
2.795158922672271729e-01
1.092147588729858398e+00
9.955599308013916016e-01
1.322496533393859863e+00
7.002371549606323242e-01
1.178166627883911133e+00
7.239934802055358887e-01
4.949310719966888428e-01
3.069941997528076172e-01
-2.774021625518798828e-01
5.697841569781303406e-02
8.661638200283050537e-02
-2.876261174678802490e-01
-1.178855895996093750e+00
-1.568284928798675537e-01
-8.661638200283050537e-02
-5.961136817932128906e-01
-3.883033096790313721e-01
-1.462369412183761597e-01
-3.370227217674255371e-01
-4.941269159317016602e-01
-6.811447739601135254e-01
2.561271786689758301e-01
-3.232606127858161926e-02
-6.021102070808410645e-01
-8.607416749000549316e-01
-3.700610101222991943e-01
-6.349187493324279785e-01
-7.039591073989868164e-01
-1.065151691436767578e+00
-3.994922041893005371e-01
-6.865898966789245605e-01
-1.731638312339782715e-01
2.535080015659332275e-01
-2.260756492614746094e-02
-4.266718327999114990e-01
-8.176862001419067383e-01
-7.956300377845764160e-01
-1.591926336288452148e+00
-2.101078987121582031e+00
-2.548290729522705078e+00
-2.017564296722412109e+00
-1.249274730682373047e+00
-1.261015057563781738e+00
-1.160245984792709351e-01
-1.395994186401367188e+00
-1.966904103755950928e-01
-6.957569718360900879e-01
-4.563787281513214111e-01
-3.891763687133789062e-01
-1.057500958442687988e+00
-1.158637702465057373e-01
-1.146093249320983887e+00
2.332438975572586060e-01
8.250382542610168457e-01
7.398923039436340332e-01
4.935066103935241699e-01
4.024789929389953613e-01
1.697405427694320679e-01
1.177707090973854065e-01
1.241440176963806152e+00
-1.862137317657470703e-01
-4.843165352940559387e-02
-4.470967650413513184e-01
-8.457388877868652344e-01
-7.516096234321594238e-01
-8.455091118812561035e-01
-1.014950990676879883e+00
-1.650765836238861084e-01
2.300273776054382324e-01
-2.590220272541046143e-01
2.635711133480072021e-01
3.449491560459136963e-01
2.872814834117889404e-01
3.508767485618591309e-01
8.598226904869079590e-01
5.306804180145263672e-01
5.765388607978820801e-01
7.943434715270996094e-01
-4.278665482997894287e-01
-5.577451586723327637e-01
1.854555457830429077e-01
-1.320842355489730835e-01
-4.569990634918212891e-01
-4.964933544397354126e-02
-3.029275834560394287e-01
-6.626038253307342529e-02
-2.560352683067321777e-01
-3.749317526817321777e-01
-3.275799453258514404e-01
-9.810396432876586914e-01
-1.334765315055847168e+00
-1.669720292091369629e+00
-2.479617834091186523e+00
-1.403966546058654785e+00
-1.246839404106140137e+00
-1.416625857353210449e+00
-6.907943487167358398e-01
-6.243042349815368652e-01
-9.017293453216552734e-01
-2.786658108234405518e-01
-2.034887552261352539e+00
-2.042951881885528564e-01
-1.214237585663795471e-01
-7.244300246238708496e-01
-8.510691523551940918e-01
-4.132198810577392578e+00
-1.378579020500183105e+00
-1.560197710990905762e+00
-1.351835846900939941e+00
-1.231377124786376953e+00
-8.727117180824279785e-01
-1.004244536161422729e-01
6.594792008399963379e-01
1.132813572883605957e+00
6.074634194374084473e-01
5.496119856834411621e-01
6.951826214790344238e-01
2.110498845577239990e-01
-5.765618085861206055e-01
-3.148057460784912109e-01
-6.791918873786926270e-01
-1.515441983938217163e-01
-1.236293762922286987e-01
3.084645867347717285e-01
-1.360359638929367065e-01
2.977581620216369629e-01
5.718059539794921875e-01
1.169436052441596985e-01
4.238918423652648926e-01
-1.068804785609245300e-01
-3.801701068878173828e-01
-3.316924870014190674e-01
-1.100280806422233582e-01
-2.044560164213180542e-01
2.698663175106048584e-01
3.847880959510803223e-01
3.017282724380493164e+00
1.815038174390792847e-01
-1.830891072750091553e-01
-3.460289835929870605e-01
3.427895158529281616e-02
-8.640730977058410645e-01
-6.826841235160827637e-01
-5.532879829406738281e-01
-4.256149828433990479e-01
-5.392041802406311035e-01
-2.246052324771881104e-01
-6.892550154589116573e-04
2.694527506828308105e-01
3.585045039653778076e-01
7.434764504432678223e-02
7.029941678047180176e-01
5.869695544242858887e-01
3.579071462154388428e-01
8.678179979324340820e-01
1.162865161895751953e+00
8.350095152854919434e-01
8.922635912895202637e-01
4.072578251361846924e-01
6.842005252838134766e-02
-1.801253110170364380e-02
2.379308342933654785e-01
7.388354539871215820e-01
1.525826811790466309e+00
1.394822478294372559e+00
1.872659921646118164e+00
-4.406407475471496582e-01
2.275322675704956055e+00
2.327292680740356445e+00
1.895772933959960938e+00
1.905790090560913086e+00
2.086880445480346680e+00
1.041602253913879395e+00
1.116547226905822754e+00
1.286149859428405762e+00
1.177936792373657227e+00
1.732741236686706543e+00
1.210102081298828125e+00
1.182531833648681641e+00
1.414121508598327637e+00
1.407091140747070312e+00
8.452104926109313965e-01
2.508888244628906250e-01
1.885801702737808228e-01
-1.111538633704185486e-01
-8.136196136474609375e-01
-8.124478459358215332e-01
2.531403899192810059e-01
-5.207551717758178711e-01
-4.427314698696136475e-01
-1.408837288618087769e-01
3.894750475883483887e-01
6.316792368888854980e-01
-7.664515823125839233e-02
3.910373449325561523e-01
5.256258845329284668e-01
-2.466384172439575195e-01
6.347119808197021484e-01
3.499118089675903320e-01
3.224335014820098877e-01
-5.284288432449102402e-03
-2.978500723838806152e-01
1.883963793516159058e-01
-4.384351074695587158e-01
2.271784543991088867e-01
6.437641978263854980e-01
7.113111615180969238e-01
9.417521357536315918e-01
4.692448079586029053e-01
3.923239707946777344e-01
4.030303955078125000e-01
1.866502612829208374e-01
-1.667307913303375244e-01
-1.481898277997970581e-01
-4.367119967937469482e-01
-1.153514266014099121e+00
-9.737105965614318848e-01
-1.605642557144165039e+00
-1.755027055740356445e+00
-1.559967875480651855e+00
-1.402197480201721191e+00
-7.426263689994812012e-01
-2.121756672859191895e-01
-2.449842095375061035e-01
2.678904496133327484e-02
2.247890383005142212e-01
-2.541053593158721924e-01
-6.391691565513610840e-01
-2.196655720472335815e-01
-8.112531900405883789e-02
-3.449951112270355225e-01
-6.132072210311889648e-02
8.686451315879821777e-01
8.318389058113098145e-01
1.244472980499267578e+00
6.893469095230102539e-01
5.942756533622741699e-01
6.744130849838256836e-01
4.325304925441741943e-01
7.960895299911499023e-01
3.228470683097839355e-01
4.866140335798263550e-02
-3.560231924057006836e-01
-8.960545063018798828e-01
-6.928851008415222168e-01
-1.002406597137451172e+00
-4.103824496269226074e-01
-5.894279479980468750e-01
-2.643752396106719971e-01
-3.334156274795532227e-01
-2.764142453670501709e-01
2.760696113109588623e-01
1.351399421691894531e-01
-3.809282928705215454e-02
4.372633993625640869e-01
7.186632603406906128e-02
2.724854946136474609e-01
1.565987467765808105e-01
-5.976530313491821289e-01
-5.302668735384941101e-02
-2.887748777866363525e-01
-3.154260814189910889e-01
-1.067656055092811584e-01
-5.707950592041015625e-01
-4.463156163692474365e-01
6.740913987159729004e-01
6.085202693939208984e-01
3.273501992225646973e-01
6.471185684204101562e-01
-1.102141737937927246e+00
3.489008843898773193e-01
3.089241087436676025e-01
-1.136581525206565857e-01
-5.802148580551147461e-01
-6.062457561492919922e-01
-7.439359426498413086e-01
-7.608226537704467773e-01
-9.666572213172912598e-01
-6.761821508407592773e-01
-7.733211517333984375e-01
-5.529433488845825195e-01
-7.849006652832031250e-01
-1.554086327552795410e+00
-1.240567088127136230e+00
-7.761471271514892578e-01
-3.259946405887603760e-01
-8.106787800788879395e-01
-4.348969459533691406e-01
-5.655107498168945312e-01
8.583522588014602661e-02
3.108999729156494141e-01
6.013060808181762695e-01
6.716560721397399902e-01
-3.579990565776824951e-01
-7.393409013748168945e-01
-6.049591302871704102e-01
-4.343225657939910889e-01
-6.607428193092346191e-01
-4.000206291675567627e-01
-9.826249480247497559e-01
-2.665119431912899017e-02
-8.007075786590576172e-01
-5.540691614151000977e-01
1.099894809722900391e+01
-5.683826804161071777e-01
-8.327579498291015625e-01
-5.244311690330505371e-01
-4.603074789047241211e-01
-2.530485093593597412e-01
-1.236730337142944336e+00
-8.629932403564453125e-01
2.180757045745849609e+00
-4.928173422813415527e-01
-2.802051305770874023e-01
-4.354483485221862793e-01
2.143583148717880249e-01
4.428233802318572998e-01
1.346804350614547729e-01
3.100728690624237061e-01
9.307240247726440430e-01
3.498198986053466797e-01
4.078597545623779297e+00
1.016283512115478516e+00
1.984503030776977539e+00
5.854532122611999512e-01
1.209780454635620117e+00
1.027817130088806152e+00
5.408354401588439941e-01
-1.613844633102416992e+00
6.474402546882629395e-02
9.088975936174392700e-02
1.902343891561031342e-02
-2.386200875043869019e-01
-2.791942358016967773e-01
3.290503621101379395e-01
5.634430050849914551e-01
1.087414622306823730e+00
1.308297991752624512e+00
1.098442792892456055e+00
4.618927538394927979e-01
7.808799743652343750e-01
2.082928717136383057e-01
3.348860442638397217e-01
7.758254408836364746e-01
4.557354152202606201e-01
2.403202503919601440e-01
4.504511356353759766e-01
1.509927958250045776e-01
-2.302111871540546417e-02
3.290962874889373779e-01
2.598950862884521484e-01
8.855088949203491211e-01
7.876346707344055176e-01
6.667852997779846191e-01
2.937604784965515137e-01
3.711867928504943848e-01
5.105082392692565918e-01
5.123003125190734863e-01
-7.857277393341064453e-01
-3.747020065784454346e-01
-1.654441803693771362e-01
-3.718301057815551758e-01
-2.260756492614746094e-02
-1.889707595109939575e-01
-2.823165655136108398e+00
-7.518163919448852539e-01
-2.955755293369293213e-01
-4.461777582764625549e-02
5.762172117829322815e-02
-2.340457439422607422e+00
1.756221801042556763e-01
-3.244093656539916992e-01
5.678082704544067383e-01
-1.595510482788085938e+00
-1.911533996462821960e-02
7.473362684249877930e-01
3.533121347427368164e-01
7.305184006690979004e-01
7.913107275962829590e-01
2.162422835826873779e-01
4.367119967937469482e-01
3.047885596752166748e-01
6.653608381748199463e-02
-9.236017242074012756e-03
-1.927157044410705566e-01
-6.885657906532287598e-01
-6.637525558471679688e-02
-4.435355961322784424e-01
-4.226971268653869629e-01
-4.313128292560577393e-01
-7.880712151527404785e-01
-4.587222039699554443e-01
-1.044290304183959961e+00
-1.238269686698913574e+00
-1.541381001472473145e+00
-8.768932223320007324e-01
-1.592868417501449585e-01
-5.176764726638793945e-01
6.876007914543151855e-01
-4.058793187141418457e-01
-3.541392385959625244e-01
-2.481777667999267578e-01
-8.373299837112426758e-01
-1.315305352210998535e+00
-1.347516536712646484e+00
-9.897012710571289062e-01
-3.112216293811798096e-01
8.395126461982727051e-02
3.290962874889373779e-01
2.632494568824768066e-01
3.511984050273895264e-01
-4.342995882034301758e-01
-1.066346406936645508e+00
-6.625578999519348145e-01
-1.278499126434326172e+00
-1.399072885513305664e+00
-3.384816646575927734e+00
-1.117213487625122070e+00
-1.831764101982116699e+00
-1.490835666656494141e+00
-1.198384761810302734e+00
-6.512541174888610840e-01
-2.886760950088500977e+00
-9.792705774307250977e-01
-7.499094605445861816e-01
-1.280383110046386719e+00
-1.266965627670288086e+00
-5.392271876335144043e-01
-1.363943815231323242e+00
-2.220090478658676147e-01
9.190067066811025143e-05
2.590679824352264404e-01
8.999373316764831543e-01
9.601781964302062988e-01
1.222095131874084473e+00
1.301956772804260254e+00
9.475877881050109863e-01
1.154777884483337402e+00
4.470048546791076660e-01
-4.013761878013610840e-02
-8.192255496978759766e-01
-1.100901126861572266e+00
-8.620283007621765137e-01
-1.515970468521118164e+00
-8.300008773803710938e-01
-9.070596098899841309e-01
-2.131176590919494629e-01
-3.676026826724410057e-03
3.681081235408782959e-01
4.139665663242340088e-01
6.260273456573486328e-01
-7.883929014205932617e-01
9.190066903829574585e-02
-3.945525586605072021e-01
-8.373529314994812012e-01
-5.602034926414489746e-01
-4.822258055210113525e-01
-3.244323432445526123e-01
5.903239250183105469e-01
4.711287915706634521e-01
-3.630076535046100616e-03
1.919345557689666748e-01
3.508307933807373047e-01
6.463373899459838867e-01
6.726669669151306152e-01
7.485309839248657227e-01
1.241486191749572754e+00
1.237993955612182617e+00
1.153950810432434082e+00
1.041831970214843750e+00
-5.766077637672424316e-01
1.109884381294250488e+00
1.006725907325744629e+00
1.140027761459350586e+00
1.392708659172058105e+00
1.002866029739379883e+00
1.309998154640197754e+00
9.863699078559875488e-01
9.979034066200256348e-01
1.101659297943115234e+00
7.912188172340393066e-01
1.435028910636901855e-01
1.278797835111618042e-01
1.817795187234878540e-01
-3.309572935104370117e-01
-7.080946862697601318e-02
1.314639151096343994e-01
3.571259975433349609e-01
1.018994688987731934e+00
1.607802271842956543e+00
1.658209681510925293e+00
1.607802271842956543e+00
9.610971808433532715e-01
2.869139015674591064e-01
3.061211407184600830e-01
8.087258785963058472e-03
-2.285799384117126465e-01
-4.717491269111633301e-01
-2.609749138355255127e-01
1.111998129636049271e-02
1.635831892490386963e-01
-7.595590502023696899e-02
2.344845533370971680e-01
4.059711992740631104e-01
9.466688036918640137e-01
3.829500973224639893e-01
5.471765995025634766e-01
4.963095784187316895e-01
1.471789181232452393e-01
3.971028029918670654e-01
3.149435818195343018e-01
4.272921681404113770e-01
8.884497284889221191e-01
5.524149537086486816e-01
6.848437786102294922e-01
4.553678259253501892e-02
-1.689593791961669922e-01
-2.794239819049835205e-01
-4.643281400203704834e-01
-7.831085920333862305e-01
-1.285828232765197754e+00
-1.529112219810485840e+00
-1.396040081977844238e+00
-1.435649275779724121e+00
-1.603161215782165527e+00
-1.946387290954589844e+00
-1.070160269737243652e+00
-1.042705059051513672e+00
-1.413363337516784668e+00
-6.411679983139038086e-01
-1.017386317253112793e+00
-1.445344805717468262e+00
-3.779185414314270020e-01
-9.883457422256469727e-01
-1.017087697982788086e+00
-8.401558995246887207e-01
-9.213961362838745117e-01
-8.364109992980957031e-01
-3.208482265472412109e-01
-2.921062707901000977e-01
8.453482985496520996e-01
1.573707103729248047e+00
2.709599256515502930e+00
1.817335724830627441e+00
1.719967007637023926e+00
1.691018223762512207e+00
9.869672656059265137e-01
8.126776218414306641e-01
8.845899105072021484e-01
1.091871857643127441e+00
1.343587756156921387e+00
1.275397539138793945e+00
-1.233421921730041504e+00
7.969626188278198242e-01
5.982733368873596191e-01
-4.190670698881149292e-02
-6.789851188659667969e-01
-3.916806578636169434e-01
-2.790793478488922119e-01
-7.880482673645019531e-01
-1.716244965791702271e-01
2.328763008117675781e-01
2.170234322547912598e-01
4.615711271762847900e-01
2.533701360225677490e-01
2.339791059494018555e-01
7.485309243202209473e-02
6.557112932205200195e-02
-4.156897068023681641e-01
-4.588370621204376221e-01
-1.301313489675521851e-01
1.802631616592407227e-01
-6.181698441505432129e-01
-4.851436316967010498e-01
-2.245363146066665649e-01
-3.331858873367309570e+00
-1.306528806686401367e+00
-1.326907873153686523e+00
-1.325368523597717285e+00
-1.320405840873718262e+00
-1.191538095474243164e+00
-6.638444662094116211e-01
-1.090562224388122559e+00
-5.719438195228576660e-01
-9.020050764083862305e-01
-5.004221200942993164e-01
-1.226873919367790222e-01
5.364701747894287109e-01
9.054513573646545410e-01
1.198017120361328125e+00
1.498670220375061035e+00
1.539290308952331543e+00
1.735865831375122070e+00
1.405253171920776367e+00
1.383886218070983887e+00
1.592684507369995117e+00
1.172009229660034180e+00
1.095180273056030273e+00
8.878983259201049805e-01
4.429612159729003906e-01
4.598709642887115479e-01
-5.259705185890197754e-01
-3.846043050289154053e-01
-3.095214664936065674e-01
-8.328038454055786133e-01
-6.370324492454528809e-01
-1.356453895568847656e+00
-1.190940737724304199e+00
-1.630111098289489746e+00
-1.555235028266906738e+00
-7.102773189544677734e-01
-9.483230113983154297e-01
-5.484632253646850586e-01
-1.406080275774002075e-02
-7.393178939819335938e-01
-6.110935211181640625e-01
-1.119602918624877930e+00
-1.464598059654235840e+00
-1.525551080703735352e+00
-1.525757908821105957e+00
-1.454603791236877441e+00
-9.884147047996520996e-01
-3.287516832351684570e-01
-7.155386209487915039e-01
2.597572505474090576e-01
-4.424327909946441650e-01
3.205035924911499023e-01
3.864423036575317383e-01
8.371691703796386719e-01
4.643740952014923096e-01
1.340371251106262207e+00
4.401582479476928711e-01
9.940895438194274902e-01
6.969287395477294922e-01
4.919442832469940186e-01
8.105639219284057617e-01
1.105840802192687988e+00
1.726905465126037598e+00
1.701265215873718262e+00
1.198430657386779785e+00
1.402588009834289551e+00
1.604723572731018066e+00
9.599943757057189941e-01
2.319572865962982178e-01
-2.325087040662765503e-02
-6.087270379066467285e-01
-5.090148448944091797e-01
-8.513218760490417480e-01
-1.562541127204895020e-01
6.855790317058563232e-02
8.338607549667358398e-01
9.151009321212768555e-01
7.202255725860595703e-01
7.400761246681213379e-01
8.849574923515319824e-01
6.854411363601684570e-01
9.280589222908020020e-01
3.302450478076934814e-01
6.802487373352050781e-01
2.882464528083801270e-01
2.890735566616058350e-01
-1.413202583789825439e-01
-1.518888324499130249e-01
-9.833371639251708984e-02
-8.016035705804824829e-02
4.544488191604614258e-01
4.929092526435852051e-01
1.329802721738815308e-01
-2.172302156686782837e-01
-2.265121787786483765e-01
-1.117512106895446777e+00
-1.090723156929016113e+00
-1.282129168510437012e+00
-1.450881838798522949e+00
-1.390342235565185547e+00
-1.211181879043579102e+00
-6.661190390586853027e-01
-6.154358386993408203e-01
-6.894847750663757324e-01
-3.054088950157165527e-01
-4.895089268684387207e-01
-9.895404577255249023e-01
6.704153865575790405e-02
-7.963193207979202271e-02
-3.094295561313629150e-01
4.800431430339813232e-01
5.282909870147705078e-01
1.673051714897155762e-01
3.110378086566925049e-01
5.159303545951843262e-01
3.709570467472076416e-01
2.752884626388549805e-01
-9.321025758981704712e-02
-5.535637140274047852e-01
-9.385126233100891113e-01
-8.735617995262145996e-01
-3.158855736255645752e-01
-5.603184103965759277e-01
4.716342389583587646e-01
-8.615228533744812012e-01
-5.048333406448364258e-01
-4.052130281925201416e-01
-2.592518031597137451e-01
-1.478566884994506836e+00
-3.535648584365844727e-01
3.791821599006652832e-01
-3.764251470565795898e-01
-7.416613698005676270e-01
2.186776399612426758e-01
-7.528962492942810059e-01
-4.394460320472717285e-01
-6.024548411369323730e-01
3.136110305786132812e-01
3.568502962589263916e-01
8.049120306968688965e-01
1.124726295471191406e+00
8.147453665733337402e-01
3.184358403086662292e-02
9.751580357551574707e-01
3.209630846977233887e-01
7.738036513328552246e-01
2.146340161561965942e-01
2.589301466941833496e-01
-6.566073298454284668e-01
-2.619169186800718307e-03
2.640306353569030762e-01
-1.205047518014907837e-01
1.663402095437049866e-02
-2.577813714742660522e-02
-2.890482902526855469e+00
-2.891195118427276611e-01
-7.496337890625000000e-01
-6.564235091209411621e-01
-4.629726111888885498e-01
-9.186161160469055176e-01
-1.430433988571166992e-01
-5.619726181030273438e-01
-1.257890462875366211e-01
1.087001085281372070e+00
7.743550539016723633e-01
4.921280741691589355e-01
8.205810785293579102e-01
8.814193010330200195e-01
1.052951931953430176e+00
4.580329358577728271e-01
1.095272183418273926e+00
1.469767451286315918e+00
1.732924938201904297e+00
1.417889475822448730e+00
1.254536032676696777e+00
1.632845163345336914e+00
1.186437606811523438e+00
4.450749456882476807e-01
5.423517823219299316e-01
4.343685209751129150e-01
-6.836031079292297363e-01
