1.184237718582153320e+00
5.000798702239990234e-01
6.394096463918685913e-02
5.390911698341369629e-01
2.092684358358383179e-01
3.511798381805419922e-01
9.405736327171325684e-01
1.227577805519104004e+00
1.745624780654907227e+00
1.218033552169799805e+00
8.426281809806823730e-01
1.852775365114212036e-01
-4.478735923767089844e-01
-8.236962556838989258e-01
-1.354103684425354004e+00
-2.143586874008178711e+00
-1.687498927116394043e+00
-1.195763826370239258e+00
-1.470381379127502441e+00
-9.822708368301391602e-01
-5.435242652893066406e-01
5.248530507087707520e-01
3.945198953151702881e-01
5.676976963877677917e-02
6.374017000198364258e-01
1.100269556045532227e+00
7.366510033607482910e-01
6.416261792182922363e-01
1.026367187500000000e+00
4.287069290876388550e-02
-2.665336728096008301e-01
3.983271420001983643e-01
6.443903446197509766e-01
7.481770515441894531e-01
1.016249299049377441e+00
6.181046366691589355e-01
8.350136876106262207e-01
5.864471197128295898e-01
-3.340471908450126648e-02
-1.631381064653396606e-01
-2.461153268814086914e-01
5.177600979804992676e-01
2.302343994379043579e-01
1.483002603054046631e-01
-6.430604308843612671e-02
-3.311004936695098877e-01
1.717174649238586426e-01
3.079962134361267090e-01
2.364407479763031006e-01
5.801364779472351074e-01
5.066512823104858398e-01
6.013110280036926270e-01
8.677142858505249023e-01
7.501067519187927246e-01
1.202856779098510742e+00
6.666601300239562988e-01
8.164467811584472656e-01
6.329164505004882812e-01
4.666490554809570312e-01
-9.598967432975769043e-02
-5.331456065177917480e-01
-9.878252744674682617e-01
-1.064100742340087891e+00
-9.762731194496154785e-01
-1.323124170303344727e+00
-8.633854985237121582e-01
2.099203690886497498e-02
-2.260881476104259491e-02
1.989419162273406982e-01
-6.738313287496566772e-02
-8.986156433820724487e-02
8.360306918621063232e-02
1.112969070672988892e-01
-4.096446037292480469e-01
-3.672693669795989990e-01
-2.694543004035949707e-01
-6.371930837631225586e-01
-1.245101571083068848e+00
-6.740921139717102051e-01
3.521707653999328613e-01
2.646039724349975586e-01
1.271648049354553223e+00
1.281296610832214355e+00
1.000916004180908203e+00
1.300072073936462402e+00
1.030070066452026367e+00
2.145803451538085938e+00
1.619881153106689453e+00
1.539459466934204102e+00
1.679701924324035645e+00
2.043581247329711914e+00
1.445999264717102051e+00
1.811338901519775391e+00
9.625304937362670898e-01
2.465977668762207031e+00
-1.674929857254028320e-01
-8.660714626312255859e-01
-1.353191018104553223e+00
-7.784003615379333496e-01
-7.344344258308410645e-01
-9.066734313964843750e-01
-8.511553704738616943e-02
2.352411895990371704e-01
1.210471272468566895e+00
1.027201652526855469e+00
9.054217338562011719e-01
1.411108136177062988e+00
1.238373756408691406e+00
1.266901969909667969e+00
9.039614200592041016e-01
8.573356270790100098e-01
-8.182983100414276123e-02
3.790822923183441162e-01
5.400820970535278320e-01
1.302888393402099609e+00
1.804298162460327148e+00
9.860520362854003906e-01
9.443808794021606445e-01
2.366493642330169678e-01
-4.893621802330017090e-01
-1.233366966247558594e+00
-1.078416943550109863e+00
-8.682619333267211914e-01
-3.847410082817077637e-01
-7.584514021873474121e-01
3.721457719802856445e-01
7.288278937339782715e-01
5.408383160829544067e-02
9.330373257398605347e-02
4.806002974510192871e-02
-7.933685779571533203e-01
-9.838354587554931641e-01
-1.819292426109313965e+00
-1.116515636444091797e+00
-1.259209275245666504e+00
-5.990944504737854004e-01
-8.949909210205078125e-01
1.622254103422164917e-01
3.481027185916900635e-01
2.769384160637855530e-02
1.294204741716384888e-01
-3.134723901748657227e-01
-1.177118659019470215e+00
-1.224266052246093750e+00
-1.080842137336730957e+00
-1.332511901855468750e+00
-1.247031331062316895e+00
-5.333802700042724609e-01
-1.009625673294067383e+00
-2.494010478258132935e-01
-1.288128733634948730e+00
-9.702493548393249512e-01
-7.529491782188415527e-01
-1.486914157867431641e+00
-1.393897294998168945e+00
-2.011845558881759644e-01
-3.505018353462219238e-01
2.691413760185241699e-01
6.558381766080856323e-02
3.452342450618743896e-01
-1.639725863933563232e-01
-7.945681214332580566e-01
-6.390445232391357422e-01
-1.700485348701477051e+00
-6.158098578453063965e-01
-9.876948595046997070e-01
-5.504346489906311035e-01
-4.737681150436401367e-01
-4.855810105800628662e-01
3.111254572868347168e-01
-5.450106263160705566e-01
-5.783110260963439941e-01
-4.683179855346679688e-01
-1.617899298667907715e+00
-5.505129098892211914e-01
-1.018596172332763672e+00
-8.149604201316833496e-01
-1.055312752723693848e+00
-1.742521643638610840e+00
-9.953876137733459473e-01
-2.415596723556518555e+00
-1.893142700195312500e+00
-2.386755466461181641e+00
-1.642176985740661621e+00
-1.841666579246520996e+00
-7.401192188262939453e-01
-1.105954408645629883e+00
2.386051416397094727e-02
3.617149591445922852e-01
3.472865104675292969e+00
6.211817264556884766e-01
9.537686109542846680e-01
-3.294315636157989502e-01
-3.333431184291839600e-01
9.095679968595504761e-02
1.523161381483078003e-01
6.781862378120422363e-01
2.970438301563262939e-01
6.672338247299194336e-01
1.001620069146156311e-01
4.844336211681365967e-01
1.035911321640014648e+00
9.191904664039611816e-01
1.084623336791992188e+00
-6.793596744537353516e-01
2.260177373886108398e+00
2.561471700668334961e+00
1.790998816490173340e+00
1.817910432815551758e+00
1.208019971847534180e+00
1.408083200454711914e+00
1.000081539154052734e+00
5.651160478591918945e-01
1.729457020759582520e+00
9.945531487464904785e-01
2.693499922752380371e-01
5.259144306182861328e+00
6.890864372253417969e-01
2.638216614723205566e-01
5.697577595710754395e-01
2.970959842205047607e-01
4.383815228939056396e-01
1.615474075078964233e-01
-2.328421026468276978e-01
-9.499874711036682129e-02
-2.967830598354339600e-01
-1.398252248764038086e-01
-4.426842331886291504e-01
9.593752026557922363e-02
4.615901112556457520e-01
4.111049175262451172e-01
1.039197087287902832e+00
1.222988247871398926e+00
1.311441659927368164e+00
1.254958748817443848e+00
1.089786648750305176e+00
8.106055259704589844e-01
9.419035911560058594e-02
5.373179316520690918e-01
1.170599386096000671e-01
-1.745337843894958496e-01
-6.099425554275512695e-01
7.854411751031875610e-02
-1.256053924560546875e+00
4.774449765682220459e-01
1.422582030296325684e+00
1.204682111740112305e+00
1.108562111854553223e+00
5.279822945594787598e-01
2.193341851234436035e-01
-1.667628288269042969e-01
-3.913906514644622803e-01
-3.227036595344543457e-01
-2.889599502086639404e-01
-1.327322609722614288e-02
-7.102349400520324707e-01
-9.183037877082824707e-01
-8.700351715087890625e-01
-1.331390619277954102e+00
-1.292874813079833984e+00
-1.219911098480224609e+00
-1.216495037078857422e+00
-3.230687379837036133e-01
-8.347529172897338867e-01
-2.922456562519073486e-01
-4.000743329524993896e-01
-1.342916607856750488e+00
-6.965705156326293945e-01
-2.457763254642486572e-01
-6.838188767433166504e-01
-9.998207092285156250e-01
-3.695641458034515381e-01
-7.131555676460266113e-01
-5.104063749313354492e-01
-2.532343566417694092e-01
1.332277208566665649e-01
1.003967002034187317e-01
6.147146224975585938e-01
8.332404494285583496e-01
1.558287143707275391e+00
5.625604987144470215e-01
2.144838571548461914e-01
6.929458379745483398e-01
6.514311432838439941e-01
7.806169390678405762e-01
2.272094637155532837e-01
-7.728459239006042480e-01
-2.487751990556716919e-01
-4.967159330844879150e-01
-4.424234628677368164e-01
-1.482220292091369629e+00
-1.394862234592437744e-01
3.238510489463806152e-01
1.178422570228576660e-01
1.475101351737976074e+00
5.060775876045227051e-01
2.086947411298751831e-01
2.565904855728149414e+00
2.928715050220489502e-01
-2.486448138952255249e-01
-3.946502804756164551e-01
4.311842620372772217e-01
-3.263544738292694092e-01
-8.858378976583480835e-02
-2.464282512664794922e-02
4.587737917900085449e-01
7.278369665145874023e-01
-5.739561840891838074e-02
3.386628329753875732e-01
1.354703456163406372e-01
-1.081155091524124146e-01
4.968984723091125488e-01
4.099053740501403809e-01
4.707692265510559082e-01
7.166237831115722656e-01
-2.318511754274368286e-01
1.839215308427810669e-01
8.712346851825714111e-02
-5.672543644905090332e-01
-6.483279466629028320e-01
-8.292245864868164062e-01
-3.311526477336883545e-01
-2.662468254566192627e-01
-5.222193002700805664e-01
-5.007839202880859375e-01
-9.149659276008605957e-01
-4.895707964897155762e-01
-9.271960854530334473e-01
-3.694337606430053711e-01
-1.107023477554321289e+00
-1.382397294044494629e+00
-1.415463089942932129e+00
-1.105198144912719727e+00
-1.429388165473937988e+00
-9.894942045211791992e-01
-1.469599008560180664e+00
-1.586789369583129883e+00
-1.296056151390075684e+00
-9.259965419769287109e-01
-7.894570231437683105e-01
-9.713184833526611328e-01
-9.125407934188842773e-01
-1.576801896095275879e+00
-1.245310187339782715e+00
-2.131799936294555664e+00
-2.282290697097778320e+00
-2.238298654556274414e+00
-1.799839019775390625e+00
-1.734776735305786133e+00
-1.698034167289733887e+00
-2.192820310592651367e+00
-1.907172203063964844e+00
-1.561364173889160156e+00
-2.693265199661254883e+00
-9.777073860168457031e-01
-6.701284050941467285e-01
-3.655743598937988281e-01
-7.001691460609436035e-01
1.014423847198486328e+00
7.013947963714599609e-01
6.203994154930114746e-01
1.002663150429725647e-01
1.769850403070449829e-01
1.004227772355079651e-01
2.525041997432708740e-01
3.684715270996093750e+00
7.739933729171752930e-01
1.873663187026977539e+00
1.562615871429443359e+00
1.646844863891601562e+00
1.942350149154663086e+00
8.610907196998596191e-01
9.677981138229370117e-01
1.836164355278015137e+00
1.769563555717468262e+00
1.834495425224304199e+00
2.238220453262329102e+00
1.744164466857910156e+00
1.042013406753540039e+00
4.598168730735778809e-01
4.055244326591491699e-01
1.402163803577423096e-01
8.397597074508666992e-01
3.002773821353912354e-01
-1.502038836479187012e-01
-4.676921367645263672e-01
1.944045126438140869e-01
5.637861415743827820e-02
-2.419690787792205811e-01
6.044663488864898682e-02
-5.186467170715332031e-01
-3.877659514546394348e-02
-2.633783407509326935e-02
-4.431275427341461182e-01
2.646822109818458557e-02
3.513884544372558594e-01
7.835375666618347168e-01
1.240407705307006836e+00
4.365561306476593018e-01
2.497400492429733276e-01
5.169777870178222656e-01
1.012311652302742004e-01
-7.228562235832214355e-02
-5.479052066802978516e-01
-1.120792254805564880e-01
1.494476497173309326e-01
-2.066868096590042114e-01
-1.273082345724105835e-01
2.426992356777191162e-01
7.129208445549011230e-01
4.058895111083984375e-01
1.027670979499816895e+00
1.375121831893920898e+00
-2.393378973007202148e+00
1.386439323425292969e+00
1.330060720443725586e+00
1.188618659973144531e+00
9.814624786376953125e-01
1.022872805595397949e+00
5.938529968261718750e-01
3.375675976276397705e-01
-6.063699722290039062e-01
-2.231675088405609131e-01
-6.357849240303039551e-01
-1.394027709960937500e+00
-1.614248514175415039e+00
-1.541232705116271973e+00
-1.937004327774047852e+00
-2.091171979904174805e+00
-2.401097774505615234e+00
-4.120280265808105469e+00
-1.764426350593566895e+00
-9.388264417648315430e-01
-1.475779294967651367e+00
-1.298507452011108398e+00
-5.099891424179077148e-01
-4.407024011015892029e-03
-3.344122767448425293e-01
1.675972938537597656e-01
-5.055560469627380371e-01
-8.542846143245697021e-02
-4.783055186271667480e-01
-8.671666979789733887e-01
-8.043209910392761230e-01
-4.962465465068817139e-01
-2.986345291137695312e-01
1.300463229417800903e-01
3.190007209777832031e-01
1.862163096666336060e-01
8.250783383846282959e-02
6.709628552198410034e-02
-6.788120865821838379e-01
2.282003909349441528e-01
-5.486875176429748535e-01
-1.226717233657836914e+00
-1.217512011528015137e+00
-1.524856328964233398e+00
-1.277202486991882324e+00
-9.159829616546630859e-01
-1.209662914276123047e+00
-1.032078027725219727e+00
6.109856069087982178e-02
-1.519249826669692993e-01
8.511553704738616943e-02
1.925269663333892822e-01
-6.032667756080627441e-01
-7.865885496139526367e-01
-2.314652442932128906e+00
-5.996420979499816895e-01
-6.686159223318099976e-02
-1.019926190376281738e+00
-5.922101438045501709e-02
-6.627746820449829102e-01
-8.035386800765991211e-01
-8.721995949745178223e-01
-8.459138870239257812e-01
-9.507176280021667480e-01
-5.935661196708679199e-01
-9.840180277824401855e-01
-1.108457803726196289e+00
-1.158264994621276855e+00
-6.309345960617065430e-01
-9.330373406410217285e-01
-3.426265418529510498e-01
-5.154392719268798828e-01
4.437533915042877197e-01
7.335739135742187500e-01
1.309407591819763184e+00
1.268466591835021973e+00
9.094897508621215820e-01
9.607572555541992188e-01
1.968557536602020264e-01
1.104598402976989746e+00
-3.252331316471099854e-01
-8.539977669715881348e-01
1.067595034837722778e-01
-9.108718484640121460e-02
-1.250395178794860840e-01
-2.063217312097549438e-01
5.340322256088256836e-01
-1.687186025083065033e-02
4.318622648715972900e-01
-1.757828831672668457e+00
1.258087992668151855e+00
1.367350816726684570e+00
7.352428436279296875e-01
6.464243531227111816e-01
1.144444108009338379e+00
8.772063851356506348e-01
1.090255975723266602e+00
1.615760922431945801e+00
8.744943737983703613e-01
1.142775177955627441e+00
3.965017497539520264e-01
2.244452983140945435e-01
-5.609176680445671082e-02
-3.205653429031372070e-01
-1.445112705230712891e+00
-1.289771556854248047e+00
-8.900884389877319336e-01
-1.104181170463562012e+00
-6.361238956451416016e-01
-5.785196423530578613e-01
6.691374629735946655e-02
9.907459020614624023e-01
7.386328577995300293e-01
1.352617293596267700e-01
1.003158569335937500e+00
6.779254674911499023e-01
4.904834926128387451e-01
4.041162729263305664e-01
8.686269819736480713e-02
2.795722186565399170e-01
8.970510214567184448e-02
8.251044154167175293e-01
5.074596777558326721e-02
5.731999278068542480e-01
-1.876270890235900879e+00
1.069915890693664551e+00
6.700501441955566406e-01
1.964385211467742920e-01
7.060365080833435059e-01
2.266357690095901489e-01
2.911504209041595459e-01
-2.093988209962844849e-01
2.068171948194503784e-01
-3.568907082080841064e-01
9.964045882225036621e-02
1.103842109441757202e-01
-4.692828357219696045e-01
-5.791715905070304871e-02
2.557377815246582031e-01
3.943634331226348877e-01
8.468526601791381836e-01
1.228203654289245605e+00
2.410589933395385742e+00
1.462375640869140625e+00
2.364642143249511719e+00
2.421542167663574219e+00
2.154408931732177734e+00
1.801012396812438965e+00
1.601470708847045898e+00
1.401459693908691406e+00
9.600270986557006836e-01
7.883357405662536621e-01
3.657829761505126953e-01
-1.055077984929084778e-01
-1.419896185398101807e-01
-3.907387256622314453e-01
-5.345016121864318848e-01
-2.496878951787948608e-01
-1.553723692893981934e+00
-9.462584257125854492e-01
-1.344376921653747559e+00
-1.237434983253479004e+00
-1.492990136146545410e+00
-1.283252358436584473e+00
-1.600297331809997559e+00
-1.802211999893188477e+00
-4.495347023010253906e+00
-1.233497262001037598e+00
-1.153779745101928711e+00
-1.268857836723327637e+00
-1.635396957397460938e+00
-1.410743117332458496e+00
-2.270686388015747070e+00
-1.180430412292480469e+00
-6.924242973327636719e-01
8.276860415935516357e-02
1.427197754383087158e-01
9.724137187004089355e-02
7.795738577842712402e-01
9.222154021263122559e-01
5.185945630073547363e-01
7.400670647621154785e-02
-1.193547248840332031e-01
-9.272743463516235352e-01
-1.008113265037536621e+00
-1.328209161758422852e+00
-2.241062879562377930e+00
-1.839502215385437012e+00
-1.643689513206481934e+00
-1.036458969116210938e+00
1.639465093612670898e-01
-5.992509424686431885e-02
-1.205542683601379395e-01
1.980031430721282959e-01
2.298693209886550903e-01
2.535994350910186768e-01
-1.493172645568847656e-01
-6.181046366691589355e-01
-8.245307207107543945e-01
1.810530573129653931e-01
4.149121642112731934e-01
1.234149217605590820e+00
-1.022403478622436523e+00
9.278480410575866699e-01
5.900979042053222656e-01
2.486969679594039917e-01
-3.541786968708038330e-01
-5.871511697769165039e-01
-7.366770505905151367e-01
1.913300275802612305e+00
4.615640267729759216e-02
5.911409854888916016e-01
1.527464032173156738e+00
2.237125158309936523e+00
2.333558320999145508e+00
1.171825051307678223e+00
1.130623221397399902e+00
7.380591630935668945e-01
9.816189408302307129e-01
9.227890968322753906e-01
1.998807042837142944e-01
5.618824958801269531e-01
-2.212899625301361084e-01
-1.537451505661010742e+00
3.707897663116455078e-01
3.649485111236572266e-01
4.735855758190155029e-01
3.369939029216766357e-01
4.660753607749938965e-01
2.048744440078735352e+00
1.437654614448547363e+00
1.138707160949707031e+00
8.486258983612060547e-01
1.744816303253173828e-01
3.943634331226348877e-01
7.275500800460577011e-03
-3.477115631103515625e-01
-7.418664097785949707e-01
-1.446233987808227539e-01
-8.581961691379547119e-02
-6.482758373022079468e-02
-6.675728596746921539e-03
-1.392515189945697784e-02
2.614747285842895508e-01
-8.605430833995342255e-03
7.059061527252197266e-02
6.253540515899658203e-01
8.587959408760070801e-01
5.403950214385986328e-01
2.902638018131256104e-01
4.261774718761444092e-01
-2.556334733963012695e-01
-1.075053095817565918e+00
-1.195242285728454590e+00
-1.770111083984375000e+00
-2.001101732254028320e+00
-1.568170309066772461e+00
-6.782383918762207031e-01
-9.442244172096252441e-01
-8.796576261520385742e-01
-4.928565025329589844e-01
-2.804066836833953857e-01
-3.037482500076293945e+00
-5.371353626251220703e-01
-1.863206177949905396e-01
-2.564940154552459717e-01
-2.813715301454067230e-02
-1.118445321917533875e-01
4.740028083324432373e-01
-1.144000813364982605e-01
1.551324576139450073e-01
1.324454098939895630e-01
6.315864622592926025e-02
-3.890697956085205078e-01
6.232418585568666458e-03
-2.587887942790985107e-01
-1.331494897603988647e-01
5.598745867609977722e-02
4.187976568937301636e-02
1.796709746122360229e-02
8.340227603912353516e-01
5.418553352355957031e-01
9.488661289215087891e-01
7.053585052490234375e-01
6.978483200073242188e-01
3.748056590557098389e-01
1.439714729785919189e-01
-6.890342831611633301e-01
-9.818536043167114258e-01
-1.703979730606079102e+00
-2.403470754623413086e+00
-1.966236710548400879e+00
-2.182519912719726562e+00
-1.660144090652465820e+00
-1.403910875320434570e+00
-1.473614871501922607e-01
4.098532199859619141e-01
7.673697471618652344e-01
6.489277482032775879e-01
5.579187870025634766e-01
9.393219351768493652e-01
4.073498249053955078e-01
5.944788455963134766e-01
1.618603318929672241e-01
3.379326760768890381e-01
-3.158975541591644287e-01
-6.919027566909790039e-01
-7.885704040527343750e-01
-7.645273804664611816e-01
-9.558287262916564941e-01
-1.069003224372863770e+00
-1.906181216239929199e+00
-1.547856330871582031e+00
-1.362396240234375000e+00
-1.239938378334045410e+00
-3.502931892871856689e-01
-6.991260647773742676e-01
-1.856686919927597046e-02
-7.315399050712585449e-01
-2.679418325424194336e-01
-9.231020212173461914e-01
-3.759269714355468750e-01
2.004022449254989624e-01
6.714061498641967773e-01
7.829117178916931152e-01
3.826287686824798584e-01
4.174155592918395996e-01
-5.817532539367675781e-01
-7.939944267272949219e-01
-7.033506035804748535e-01
-8.100579380989074707e-01
2.212638854980468750e-01
6.496579051017761230e-01
1.061831951141357422e+00
1.091194748878479004e+00
7.458822727203369141e-01
2.671073675155639648e-01
-5.926273465156555176e-01
1.698920726776123047e-01
-6.807156801223754883e-01
4.954381287097930908e-01
3.128465414047241211e-01
6.338030695915222168e-01
1.845995336771011353e-01
-3.701899945735931396e-01
-3.439564630389213562e-02
-4.034904241561889648e-01
-9.197641611099243164e-01
-8.361610770225524902e-01
-8.447143435478210449e-01
-7.305489778518676758e-01
-1.166557431221008301e+00
-2.215246558189392090e-01
5.957826972007751465e-01
2.712796926498413086e-01
7.357122302055358887e-01
7.501067519187927246e-01
-1.296290874481201172e+00
9.198684692382812500e-01
6.237372756004333496e-01
8.123005181550979614e-02
-6.465808153152465820e-01
-2.742785513401031494e-01
-6.696068644523620605e-01
-1.961777508258819580e-01
-2.521912753582000732e-01
-2.655271053314208984e+00
-2.567287087440490723e-01
-5.868643522262573242e-01
-2.833794653415679932e-01
-7.727937698364257812e-01
-5.173689723014831543e-01
-1.094454377889633179e-01
-2.085904330015182495e-01
1.981074512004852295e-01
2.904202640056610107e-01
4.365039765834808350e-01
1.088899970054626465e+00
4.964290857315063477e-01
3.402274549007415771e-01
8.266690373420715332e-01
-8.344660513103008270e-03
1.990983784198760986e-01
6.227985024452209473e-01
7.668482065200805664e-01
1.732820868492126465e-01
3.990573287010192871e-01
6.781862378120422363e-01
-3.350902721285820007e-02
-3.241639733314514160e-01
-6.542996168136596680e-01
-1.950564384460449219e-01
-1.029000952839851379e-01
1.265519857406616211e-01
1.093072295188903809e+00
1.264972329139709473e+00
6.481975913047790527e-01
8.784059286117553711e-01
4.207534193992614746e-01
4.670402035117149353e-02
-1.082458943128585815e-01
-7.267156243324279785e-01
-1.502273559570312500e+00
-1.139854550361633301e+00
-1.195111870765686035e+00
-1.660613536834716797e+00
-1.231463313102722168e+00
-1.178031325340270996e+00
-3.560823202133178711e-01
7.879185080528259277e-01
5.989119410514831543e-01
2.562071681022644043e-01
9.117323756217956543e-01
1.139489531517028809e+00
1.198736548423767090e+00
3.230687379837036133e-01
-3.327433392405509949e-02
-4.336615800857543945e-01
4.831062793731689453e+00
3.511798381805419922e-01
-1.237095892429351807e-01
3.300052583217620850e-01
2.285133153200149536e-01
2.192820310592651367e-01
5.804494023323059082e-01
1.047254875302314758e-01
-1.613648682832717896e-01
-7.673175930976867676e-01
-8.814048022031784058e-02
-3.351163566112518311e-01
-5.148655772209167480e-01
-2.312983512878417969e+00
-8.051033020019531250e-01
-3.348816633224487305e-01
6.568030118942260742e-01
6.974310874938964844e-01
1.024489641189575195e+00
6.597757935523986816e-01
1.003680109977722168e+00
9.526212215423583984e-01
5.239142775535583496e-01
1.538546755909919739e-02
-2.476017177104949951e-01
-3.029894232749938965e-01
-7.959502339363098145e-01
-1.855383157730102539e+00
-6.835319995880126953e-01
-7.256986498832702637e-01
-9.061779975891113281e-01
-1.451449394226074219e-01
5.807623267173767090e-01
1.004358172416687012e+00
8.686009049415588379e-01
1.145304664969444275e-01
-4.811218380928039551e-02
-4.010913372039794922e-01
-1.285625338554382324e+00
-9.689193964004516602e-01
-9.730917215347290039e-01
-4.261774718761444092e-01
-6.497100591659545898e-01
9.546813368797302246e-02
-4.572352468967437744e-01
-8.876371979713439941e-01
-1.246953010559082031e+00
-1.734802722930908203e+00
-1.973694801330566406e+00
-1.383805513381958008e+00
-1.343568563461303711e+00
-6.930501461029052734e-01
-4.755935072898864746e-01
2.939328432083129883e+00
7.394151687622070312e-01
6.675467491149902344e-01
2.099594831466674805e+00
1.626452565193176270e+00
1.953511118888854980e+00
8.710522055625915527e-01
9.669375419616699219e-02
-2.709928452968597412e-01
-2.381618320941925049e-01
-3.197048008441925049e-01
-4.681354463100433350e-01
-1.483263373374938965e-01
-2.053308039903640747e-01
-4.419853687286376953e+00
1.334910988807678223e+00
3.729280829429626465e-01
-4.047160446643829346e-01
-9.337414503097534180e-01
-1.909884214401245117e-01
4.566354751586914062e-01
1.825133711099624634e-01
3.380891382694244385e-01
9.192426204681396484e-01
5.811274051666259766e-01
4.705084562301635742e-01
5.451931953430175781e-01
6.100729107856750488e-01
9.719704389572143555e-01
5.616738796234130859e-01
2.954792082309722900e-01
-3.844541609287261963e-01
7.407711744308471680e-01
-1.564623862504959106e-01
1.085848957300186157e-01
3.849235475063323975e-01
8.920963853597640991e-02
-1.568483233451843262e+00
1.534635275602340698e-01
2.949576675891876221e-01
2.286958508193492889e-02
2.370144426822662354e-01
-7.577995210886001587e-02
-1.653807461261749268e-01
-5.431852340698242188e-01
-7.167020440101623535e-01
-1.081676602363586426e+00
-9.267788529396057129e-01
-2.535733580589294434e-01
4.041684269905090332e-01
1.139906764030456543e+00
9.019274115562438965e-01
1.984803557395935059e+00
1.255793213844299316e+00
8.483651280403137207e-01
-2.079645842313766479e-01
-3.678169846534729004e-01
-3.888872563838958740e-01
1.480394899845123291e-01
-1.009599566459655762e+00
-5.450627803802490234e-01
1.564884632825851440e-01
2.339373379945755005e-01
2.423341572284698486e-01
-1.041257157921791077e-01
5.092068314552307129e-01
-1.231880486011505127e-01
-3.949110507965087891e-01
-6.482497453689575195e-01
-1.433977782726287842e-01
4.720731079578399658e-01
1.965428292751312256e-01
2.441073954105377197e-01
2.127106189727783203e-01
5.412294864654541016e-01
5.370571613311767578e-01
8.309978246688842773e-01
5.598484873771667480e-01
2.776424884796142578e-01
7.793130874633789062e-01
3.241639733314514160e-01
7.585035562515258789e-01
1.275246620178222656e+00
4.344178140163421631e-01
4.967680573463439941e-02
1.300072073936462402e+00
5.813360214233398438e-01
1.921097338199615479e-01
2.273137718439102173e-01
-2.123716175556182861e-01
-3.398623764514923096e-01
-7.455171942710876465e-01
-7.226215004920959473e-01
-7.991577386856079102e-01
-4.826082289218902588e-01
-6.599844098091125488e-01
5.660026669502258301e-01
9.069863557815551758e-01
8.442449569702148438e-01
1.070698142051696777e+00
1.120766162872314453e+00
5.210979580879211426e-01
2.933669649064540863e-02
7.773833870887756348e-01
4.279246181249618530e-02
-1.405032277107238770e-01
-6.971181631088256836e-01
-2.759214043617248535e-01
-1.106710582971572876e-01
-4.038294255733489990e-01
-5.361965894699096680e-01
1.303853205172345042e-04
-2.591277956962585449e-01
2.679939866065979004e-01
7.029594182968139648e-01
1.405997037887573242e+00
8.728775978088378906e-01
1.013954520225524902e+00
1.047854661941528320e+00
6.773517727851867676e-01
3.442433178424835205e-01
-2.510699629783630371e-01
-4.320187270641326904e-01
-9.108979105949401855e-01
-5.111365318298339844e-01
-1.734202980995178223e+00
-1.506680607795715332e+00
-1.672061324119567871e+00
-1.456404089927673340e+00
-2.190160512924194336e+00
-1.554036617279052734e+00
-1.644054651260375977e+00
-1.314466595649719238e+00
-2.927489519119262695e+00
-1.025610923767089844e+00
-9.135838747024536133e-01
-5.476183723658323288e-04
-3.910255730152130127e-01
-1.928581476211547852e+00
3.384020626544952393e-01
6.374538540840148926e-01
-2.583115816116333008e+00
1.389907486736774445e-02
-7.778006196022033691e-01
-1.127076745033264160e+00
-1.667993307113647461e+00
-1.832669973373413086e+00
-9.888944029808044434e-01
-9.494137763977050781e-01
-6.424084901809692383e-01
-4.716558754444122314e-01
4.268815368413925171e-02
-8.189501762390136719e-01
-5.907498002052307129e-01
-1.157743453979492188e+00
-6.552123427391052246e-01
-5.959130525588989258e-01
-2.703930735588073730e-01
2.391006052494049072e-01
4.833383858203887939e-01
8.497211337089538574e-01
4.804177582263946533e-01
-9.273003786802291870e-02
5.035220384597778320e-01
6.001114845275878906e-01
4.753066599369049072e-01
6.750047802925109863e-01
3.743883967399597168e-01
2.031142562627792358e-01
-1.785496622323989868e-01
-5.179165601730346680e-01
-4.399722218513488770e-01
-8.374649286270141602e-01
7.525840401649475098e-02
-7.804865390062332153e-02
4.253430068492889404e-01
6.820456385612487793e-01
1.374756693840026855e+00
-5.345798283815383911e-02
1.962846755981445312e+00
2.105488300323486328e+00
1.928946495056152344e+00
1.747345805168151855e+00
1.110178828239440918e+00
1.046968102455139160e+00
8.498775959014892578e-01
-3.474507927894592285e-01
-2.501833438873291016e-01
-3.251288235187530518e-01
-5.791454911231994629e-01
-5.446716547012329102e-01
3.786129057407379150e-01
-5.018270015716552734e-01
-4.161377847194671631e-01
7.183448672294616699e-01
1.256106138229370117e+00
-7.215523719787597656e-02
5.643076822161674500e-02
3.224950432777404785e-01
2.339373379945755005e-01
4.321230351924896240e-01
2.449940145015716553e-01
1.050384119153022766e-01
6.221204996109008789e-01
7.581384778022766113e-01
1.009990811347961426e+00
8.095624446868896484e-01
1.091716289520263672e+00
1.211670756340026855e+00
1.599384546279907227e+00
1.035233378410339355e+00
1.073253750801086426e+00
-2.353715747594833374e-01
8.938879013061523438e+00
-4.873803257942199707e-01
-3.629405796527862549e-01
-1.083840966224670410e+00
-1.099643707275390625e+00
-1.399060606956481934e+00
-4.110266864299774170e-01
-5.420378446578979492e-01
-2.827796936035156250e-01
-7.606158256530761719e-01
-4.315493404865264893e-01
-1.648852825164794922e-01
-1.404249966144561768e-01
-2.712275385856628418e-01
2.634044289588928223e-01
1.211410045623779297e+00
7.274718880653381348e-01
1.191434979438781738e+00
6.541431546211242676e-01
1.637091994285583496e+00
2.371682882308959961e+00
1.875592827796936035e+00
1.306956410408020020e+00
1.316448450088500977e+00
1.187054038047790527e+00
7.734196782112121582e-01
-1.692140698432922363e-01
3.423136174678802490e-01
-1.597950339317321777e+00
-1.048167586326599121e+00
-9.714227914810180664e-01
-1.113907933235168457e+00
-8.853163123130798340e-01
-4.396592974662780762e-01
-6.632179617881774902e-01
5.414381027221679688e-01
-4.205187261104583740e-01
8.691224455833435059e-01
8.212971091270446777e-01
5.264176726341247559e-01
1.176414608955383301e+00
4.884494841098785400e-01
5.823269486427307129e-01
-1.553932279348373413e-01
-1.168356776237487793e+00
-6.277531385421752930e-01
-1.038258314132690430e+00
-9.512913227081298828e-02
6.525785326957702637e-01
8.611428737640380859e-01
7.611112594604492188e-01
8.777279257774353027e-01
6.927893757820129395e-01
7.703946828842163086e-01
1.966210640966892242e-02
1.295769363641738892e-01
-3.670085966587066650e-01
-4.407023787498474121e-01
-1.199362397193908691e+00
-9.310815930366516113e-01
-1.284165024757385254e+00
-1.346489191055297852e+00
-8.198629021644592285e-01
-8.637505769729614258e-01
-6.856442689895629883e-01
-2.448375523090362549e-01
-3.660228967666625977e+00
-4.138169288635253906e-01
-7.178494334220886230e-01
-2.717725515365600586e+00
5.595877170562744141e-01
4.238305389881134033e-01
5.778937935829162598e-01
1.274620771408081055e+00
1.320281773805618286e-01
1.290945053100585938e+00
8.941825479269027710e-02
-5.199505686759948730e-01
-5.065730214118957520e-01
-3.243465125560760498e-01
-1.720303893089294434e-01
-7.145115640014410019e-03
-3.001470118761062622e-02
-2.446550130844116211e-01
-1.942480504512786865e-01
5.238882079720497131e-02
1.781663298606872559e+00
-3.796038329601287842e-01
-9.687629342079162598e-01
-4.766365885734558105e-01
-4.034643471240997314e-01
-1.091846674680709839e-01
-3.216345012187957764e-01
-7.712552547454833984e-01
-2.321380227804183960e-01
3.278147876262664795e-01
3.121685385704040527e-01
4.220051169395446777e-01
5.928620696067810059e-01
5.387782454490661621e-01
1.601392477750778198e-01
-1.374000459909439087e-01
6.017804145812988281e-01
-2.534429728984832764e-01
2.711232304573059082e-01
1.273082345724105835e-01
5.018531084060668945e-01
3.947806656360626221e-01
1.331051588058471680e+00
1.521361947059631348e+00
1.526264548301696777e+00
2.847328662872314453e+00
1.056825160980224609e+00
7.955851554870605469e-01
3.587943315505981445e-01
1.421434640884399414e+00
7.985579371452331543e-01
8.300590515136718750e-01
9.201813936233520508e-01
7.592858672142028809e-01
4.168418645858764648e-01
1.016092777252197266e+00
5.568235516548156738e-01
9.098287671804428101e-02
3.953543603420257568e-01
-2.107026800513267517e-02
-2.667422890663146973e-01
9.121757000684738159e-02
-3.037195801734924316e-01
-3.706072270870208740e-01
-1.179726421833038330e-01
-4.124609231948852539e-01
-8.624988794326782227e-01
-9.571064710617065430e-01
-4.761672019958496094e-01
-3.151673972606658936e-01
-3.966842889785766602e-01
-6.689810156822204590e-01
-9.064387530088424683e-02
-2.216028869152069092e-01
-6.208427548408508301e-01
-6.720581054687500000e-01
-4.440402388572692871e-01
-1.141080141067504883e+00
-1.162072181701660156e+00
-7.481248974800109863e-01
-1.041882991790771484e+00
-1.499431207776069641e-02
-1.197198033332824707e-01
1.110100597143173218e-01
-4.502205252647399902e-01
-1.590700894594192505e-01
-1.664759814739227295e-01
3.100954055786132812e+00
7.966542989015579224e-02
-1.635031998157501221e-01
6.695807576179504395e-01
7.777484655380249023e-01
9.076122045516967773e-01
-5.790411829948425293e-01
-3.789779841899871826e-01
-3.563952445983886719e-01
-2.171697914600372314e-01
-4.590867161750793457e-01
-1.371392756700515747e-01
-1.003967002034187317e-01
2.151097059249877930e-01
1.560712307691574097e-01
-3.871661722660064697e-01
3.536832332611083984e-01
1.323411017656326294e-01
5.855605006217956543e-01
-1.564102321863174438e-01
6.904424428939819336e-01
1.518467515707015991e-01
-3.450256288051605225e-01
-2.101811394095420837e-02
-6.738834977149963379e-01
-4.484472870826721191e-01
-6.973267793655395508e-01
-5.805276036262512207e-01
-3.374111354351043701e-01
-4.627375006675720215e-01
-3.924337327480316162e-01
-5.376047492027282715e-01
-9.182255864143371582e-01
-2.854917049407958984e-01
-4.873020946979522705e-01
-3.046322762966156006e-01
7.570953965187072754e-01
7.684128284454345703e-01
1.514477610588073730e+00
1.397026538848876953e+00
1.678815364837646484e+00
1.908136963844299316e+00
1.840075850486755371e+00
2.001544952392578125e+00
1.457786083221435547e+00
1.628695249557495117e+00
1.383101463317871094e+00
1.298663854598999023e+00
5.955740809440612793e-01
1.293292045593261719e+00
5.116059184074401855e-01
5.143700838088989258e-01
-3.212694451212882996e-02
-2.318772524595260620e-01
3.702160716056823730e-01
4.522023797035217285e-01
1.927355825901031494e-01
1.132761597633361816e+00
2.680982947349548340e-01
1.572629570960998535e+00
1.221475720405578613e+00
1.149398803710937500e+00
1.212400913238525391e+00
1.042691469192504883e+00
8.902449011802673340e-01
1.264242172241210938e+00
8.870113492012023926e-01
4.300890266895294189e-01
-3.516752958297729492e+00
-3.872183263301849365e-01
-6.142452359199523926e-01
-1.587623834609985352e+00
-1.360805511474609375e+00
-9.361665844917297363e-01
-1.881955623626708984e+00
-7.684910893440246582e-01
-3.306311070919036865e-01
1.173989400267601013e-01
1.061049699783325195e+00
9.305600523948669434e-01
5.665242075920104980e-01
1.592708826065063477e+00
3.798646032810211182e-01
4.618508815765380859e-01
-4.660232067108154297e-01
-5.470968037843704224e-02
-5.402907133102416992e-01
1.059432864189147949e+00
-4.090709090232849121e-01
-3.934768140316009521e-01
-4.771581292152404785e-01
-3.056753575801849365e-01
-5.304335355758666992e-01
6.555774062871932983e-02
-4.498293623328208923e-02
6.453812718391418457e-01
7.796781659126281738e-01
1.575967431068420410e+00
1.509601175785064697e-01
5.805537104606628418e-01
7.986100912094116211e-01
3.726151585578918457e-01
-4.308974146842956543e-01
-1.034581422805786133e+00
-1.630833506584167480e+00
-1.102642536163330078e+00
-1.322524428367614746e+00
-7.439525723457336426e-01
2.772774100303649902e-01
4.582000970840454102e-01
1.443235158920288086e+00
2.050465583801269531e+00
1.560738325119018555e+00
1.259965538978576660e+00
1.278219461441040039e+00
-6.349765509366989136e-02
4.112613797187805176e-01
6.842882633209228516e-01
5.155696272850036621e-01
5.622475743293762207e-01
1.128902196884155273e+00
1.258087992668151855e+00
5.818575620651245117e-01
7.625194191932678223e-01
-6.811328977346420288e-02
-1.824351400136947632e-01
-4.860243201255798340e-01
-9.585667848587036133e-01
-1.744633793830871582e+00
-1.508271336555480957e+00
-2.748313903808593750e+00
-3.070548295974731445e+00
-2.871997356414794922e+00
-2.459953784942626953e+00
-1.237304568290710449e+00
-7.002995610237121582e-01
-5.634210705757141113e-01
3.395233675837516785e-02
5.994856357574462891e-01
3.773351013660430908e-02
-3.478941023349761963e-01
-5.154392719268798828e-01
3.338933467864990234e+00
-2.099985927343368530e-01
8.939217776060104370e-02
-6.022236943244934082e-01
-4.347046464681625366e-02
5.382306128740310669e-02
-7.973844408988952637e-01
-4.196060299873352051e-01
-6.856181621551513672e-01
-3.036152720451354980e-01
-7.528970241546630859e-01
-2.108852118253707886e-01
7.546702027320861816e-02
-7.008211016654968262e-01
-9.904851317405700684e-01
-1.125720739364624023e+00
-1.445217013359069824e+00
-2.084522247314453125e+00
-1.516850709915161133e+00
-2.014140367507934570e+00
-2.266592264175415039e+00
-1.433143258094787598e+00
-1.296812415122985840e+00
1.048063278198242188e+00
1.425111591815948486e-01
1.057607531547546387e+00
1.403232932090759277e+00
1.816658735275268555e+00
2.208805561065673828e+00
2.102515459060668945e+00
1.836372971534729004e+00
2.277596950531005859e+00
1.388681888580322266e+00
2.202390670776367188e+00
1.070854663848876953e+00
1.540241837501525879e+00
1.250369191169738770e+00
2.073778629302978516e+00
1.853635907173156738e+00
2.148202419281005859e+00
2.006551980972290039e+00
1.140167474746704102e+00
9.301949739456176758e-01
3.991616368293762207e-01
-5.950785875320434570e-01
-1.338535696268081665e-01
-2.388919889926910400e-01
-4.399200901389122009e-02
-2.994689941406250000e-01
4.215878844261169434e-01
1.719260811805725098e-01
-1.664759814739227295e-01
4.992975592613220215e-01
-3.646095097064971924e-01
1.041517928242683411e-01
-3.203306496143341064e-01
-1.931788921356201172e-01
-3.346208930015563965e-01
-9.771858453750610352e-01
-7.858323454856872559e-01
-3.100302219390869141e-01
-9.871733188629150391e-01
-6.558120846748352051e-01
-7.082530856132507324e-01
-6.550558656454086304e-02
1.108796745538711548e-01
4.647715091705322266e-01
9.132187813520431519e-02
1.839736849069595337e-01
-1.749770939350128174e-01
2.435337007045745850e-01
3.981185257434844971e-01
6.339595317840576172e-01
-1.058989614248275757e-01
2.904984913766384125e-02
-4.619291126728057861e-01
-5.369267612695693970e-02
1.997503079473972321e-02
-4.059416651725769043e-01
-3.958759009838104248e-01
-1.849124580621719360e-01
-4.472738206386566162e-01
-9.437811374664306641e-01
-5.990944504737854004e-01
-7.676826715469360352e-01
-7.217609882354736328e-01
-2.128410041332244873e-01
-1.041961312294006348e+00
-7.578255534172058105e-01
-5.749992653727531433e-02
2.086165186483412981e-04
1.175293251872062683e-01
-3.591594099998474121e-01
-2.507309615612030029e-01
-3.533963859081268311e-01
-3.359768986701965332e-01
-8.039298057556152344e-01
-7.749581933021545410e-01
-4.705866873264312744e-01
-4.712386131286621094e-01
-2.851787805557250977e-01
3.082048296928405762e-01
3.238510489463806152e-01
5.355968475341796875e-01
1.060032695531845093e-01
2.071822732686996460e-01
-8.937392234802246094e-01
-9.984908252954483032e-02
-3.150630891323089600e-01
-8.769717067480087280e-02
1.847559958696365356e-01
4.076627492904663086e-01
1.248830631375312805e-01
-1.264737639576196671e-02
-7.471078634262084961e-02
-1.149555206298828125e+00
-4.441184699535369873e-01
3.257807493209838867e-01
-1.114533692598342896e-01
4.371819794178009033e-01
1.623584151268005371e+00
1.494919896125793457e+00
1.900209546089172363e+00
2.189195632934570312e+00
2.549789190292358398e+00
2.776398897171020508e+00
2.392753124237060547e+00
1.626817703247070312e+00
3.066375970840454102e+00
1.339135527610778809e+00
9.666506648063659668e-01
9.599749445915222168e-01
1.136151671409606934e+00
9.132969975471496582e-01
2.386833727359771729e-01
8.307370543479919434e-01
2.313817888498306274e-01
4.039076566696166992e-01
-4.579132422804832458e-02
-1.898931860923767090e-01
-6.915637105703353882e-02
-1.436585485935211182e-01
-6.315864622592926025e-02
5.006014108657836914e-01
7.491940259933471680e-02
-5.005492568016052246e-01
-1.108353495597839355e+00
-7.551396489143371582e-01
-1.958778738975524902e+00
-9.916325211524963379e-01
-1.275794267654418945e+00
-5.927056074142456055e-01
1.094975918531417847e-01
-3.898260295391082764e-01
-6.357588171958923340e-01
-6.926329135894775391e-01
-9.796631336212158203e-01
-7.961588501930236816e-01
-3.960845172405242920e-01
-5.305378437042236328e-01
-1.231619715690612793e-01
6.045967340469360352e-01
6.675989031791687012e-01
3.198117256164550781e+00
6.576896309852600098e-01
2.079645842313766479e-01
4.015085697174072266e-01
3.467467129230499268e-01
-2.321380227804183960e-01
-1.301767081022262573e-01
-9.457368850708007812e-01
-1.800099760293960571e-01
-4.679529070854187012e-01
-4.490992128849029541e-01
-3.864620998501777649e-02
-1.009703949093818665e-01
-1.169817075133323669e-01
7.025943398475646973e-01
3.151934742927551270e-01
-6.224595382809638977e-02
4.699347615242004395e-01
-5.351796150207519531e-01
-9.450067281723022461e-01
-1.039979457855224609e+00
-1.512860894203186035e+00
-1.592082977294921875e+00
-1.421356439590454102e+00
-2.003187894821166992e+00
-9.359058141708374023e-01
-6.629311442375183105e-01
-1.596698611974716187e-01
-2.631697356700897217e-01
2.110938280820846558e-01
2.108852118253707886e-01
-1.496823430061340332e-01
-4.214053452014923096e-01
-1.318821430206298828e+00
-1.706196188926696777e+00
-1.286277294158935547e+00
-1.385213613510131836e+00
-1.246509790420532227e+00
-1.530097842216491699e+00
-1.000446557998657227e+00
-6.614447236061096191e-01
-6.282746791839599609e-01
-5.557804703712463379e-01
-7.990012317895889282e-02
1.259000599384307861e-01
-1.229272782802581787e-01
5.006796214729547501e-03
2.159963250160217285e-01
3.152977824211120605e-01
2.407173812389373779e-01
5.032612681388854980e-01
1.351574212312698364e-01
6.424084901809692383e-01
7.835897207260131836e-01
2.824406921863555908e-01
5.328326821327209473e-01
6.467112153768539429e-02
8.162381649017333984e-01
5.143179297447204590e-01
6.844968795776367188e-01
3.425743877887725830e-01
5.531727671623229980e-01
2.355019599199295044e-01
2.521912753582000732e-01
-8.253391087055206299e-02
-6.369844675064086914e-01
-7.264548540115356445e-01
-1.788964867591857910e+00
-1.145774006843566895e+00
-1.336475610733032227e+00
-1.287815809249877930e+00
-1.498753190040588379e+00
-1.197145819664001465e+00
-1.069446444511413574e+00
-9.529080986976623535e-01
-8.569445013999938965e-01
-6.904163360595703125e-01
-1.127989530563354492e+00
-7.551656961441040039e-01
-4.887102544307708740e-01
-8.941825032234191895e-01
-9.128537178039550781e-01
4.686048626899719238e-02
4.159552454948425293e-01
9.090203642845153809e-01
1.335276126861572266e+00
5.998507142066955566e-01
1.459559321403503418e+00
1.235818147659301758e+00
8.644807338714599609e-01
5.319460630416870117e-01
-2.253319174051284790e-01
6.531522274017333984e-01
4.261253178119659424e-01
3.998917937278747559e-01
1.020369410514831543e+00
7.611634135246276855e-01
4.369733631610870361e-01
1.702571511268615723e-01
-5.606047511100769043e-01
-9.364795088768005371e-01
-1.590231537818908691e+00
-1.068898916244506836e+00
-4.566093906760215759e-02
1.428762376308441162e-01
8.162381649017333984e-01
1.323697805404663086e+00
5.657940506935119629e-01
3.828895390033721924e-01
2.341068506240844727e+00
1.303201317787170410e+00
-2.844225466251373291e-01
-8.882890939712524414e-01
-1.151302337646484375e+00
-1.326722741127014160e+00
-1.427328109741210938e+00
-1.870586037635803223e+00
-2.404070615768432617e+00
-1.701450228691101074e+00
-1.743773341178894043e+00
-1.565614819526672363e+00
-8.088322877883911133e-01
1.135656163096427917e-01
1.178448557853698730e+00
1.655919671058654785e+00
2.023606300354003906e+00
1.508844971656799316e+00
1.284060716629028320e+00
1.575132966041564941e+00
3.392886817455291748e-01
4.357477277517318726e-02
1.744294762611389160e-01
-1.217016577720642090e-01
-1.143348932266235352e+00
-6.416000723838806152e-01
-7.115648388862609863e-01
-8.089365959167480469e-01
3.854972422122955322e-01
-7.055671215057373047e-01
-4.645889699459075928e-01
-9.802368283271789551e-02
-4.625028073787689209e-01
-4.539234638214111328e-01
-8.567619323730468750e-01
-8.770499229431152344e-01
-9.026315212249755859e-01
-6.110377907752990723e-01
-4.731161892414093018e-01
-2.102332860231399536e-01
-1.402424573898315430e-01
-4.403894543647766113e-01
-6.654345393180847168e-01
-6.329686045646667480e-01
-1.674199700355529785e+00
-1.740435481071472168e+00
-2.379897117614746094e+00
-2.228754520416259766e+00
-1.926599621772766113e+00
-2.005143642425537109e+00
-2.133364677429199219e+00
-1.371705770492553711e+00
-1.239103913307189941e+00
-1.262182116508483887e+00
-1.454422235488891602e+00
-1.519171476364135742e+00
-8.135001063346862793e-01
-1.039327502250671387e+00
-8.464875817298889160e-01
-5.202113389968872070e-01
-8.892278671264648438e-01
-3.290404081344604492e-01
-6.592803597450256348e-01
-2.211335115134716034e-02
5.420117974281311035e-01
8.960861563682556152e-01
8.288595080375671387e-01
1.160716176033020020e+00
9.829227924346923828e-01
8.475306630134582520e-01
4.282114803791046143e-01
-3.060925900936126709e-01
-2.431425452232360840e-01
1.156257018446922302e-01
1.914317309856414795e-01
4.806785285472869873e-01
1.222049474716186523e+00
2.321249961853027344e+00
1.872463583946228027e+00
1.206194639205932617e+00
1.424407482147216797e+00
1.006392121315002441e+00
1.015206217765808105e+00
1.210784196853637695e+00
1.300072073936462402e+00
3.773846626281738281e+00
1.508114814758300781e+00
1.362813472747802734e+00
1.894003272056579590e+00
1.919037222862243652e+00
1.531688570976257324e+00
3.482591807842254639e-01
7.651271224021911621e-01
3.348034322261810303e-01
-5.103281512856483459e-02
-2.320337146520614624e-01
5.921840667724609375e-01
7.142246961593627930e-01
9.153831601142883301e-01
1.190131187438964844e+00
1.111639142036437988e+00
1.720434308052062988e+00
1.347219347953796387e+00
1.030382990837097168e+00
1.146425962448120117e+00
9.878774285316467285e-01
-1.984464563429355621e-02
7.750103622674942017e-02
4.506116732954978943e-02
-4.887102544307708740e-01
-3.348295018076896667e-02
-3.467988669872283936e-01
-5.323111414909362793e-01
-7.023596763610839844e-01
-5.070424079895019531e-01
-1.792276650667190552e-01
-7.650228142738342285e-01
-5.007317662239074707e-01
-8.938695788383483887e-01
-8.704002499580383301e-01
-9.154614210128784180e-01
-8.640896081924438477e-01
-6.265275478363037109e-01
-7.753754258155822754e-01
1.603739522397518158e-02
5.001841783523559570e-01
7.823380231857299805e-01
7.761838436126708984e-01
6.708324551582336426e-01
1.018231153488159180e+00
-1.459794044494628906e-01
5.585446357727050781e-01
1.534635275602340698e-01
2.624135017395019531e-01
3.463294804096221924e-01
2.276266962289810181e-01
7.555829286575317383e-01
5.225582718849182129e-01
8.875850439071655273e-01
3.316220343112945557e-01
8.325102925300598145e-01
-2.198035717010498047e-01
2.046788781881332397e-01
-4.792964458465576172e-02
-6.019368767738342285e-01
-3.623147308826446533e-01
-7.002213001251220703e-01
-5.412294864654541016e-01
3.631231188774108887e-01
-3.726412355899810791e-02
1.863206177949905396e-01
-3.387410566210746765e-02
5.345537662506103516e-01
5.914278328418731689e-02
4.145470857620239258e-01
2.776946425437927246e-01
1.043838858604431152e+00
9.901200532913208008e-01
4.536105394363403320e-01
5.294426083564758301e-01
6.168529391288757324e-01
4.506377577781677246e-01
-2.778511047363281250e-01
-4.162160158157348633e-01
-6.718494892120361328e-01
-7.957155108451843262e-01
-1.413168311119079590e+00
-8.165250420570373535e-01
-1.291257977485656738e+00
-1.057790040969848633e+00
-7.104957103729248047e-01
-2.586062550544738770e-01
-1.327322572469711304e-01
-2.049657329916954041e-02
-1.957083642482757568e-01
-2.297910898923873901e-01
-1.471528708934783936e-01
-3.403317630290985107e-01
-1.759419590234756470e-01
-8.508163690567016602e-01
-5.444890856742858887e-01
-1.409465372562408447e-01
-6.578982472419738770e-01
-2.954531311988830566e-01
-1.045951023697853088e-01
-4.111049175262451172e-01
-9.612005949020385742e-01
-8.916269540786743164e-01
-3.692251443862915039e-01
-2.808239161968231201e-01
-2.774077951908111572e-01
-2.530257403850555420e-01
2.589713335037231445e-01
3.870097100734710693e-01
8.503991365432739258e-01
1.199205994606018066e+00
1.477761149406433105e+00
1.919037222862243652e+00
1.951737880706787109e+00
1.042743563652038574e+00
7.298188209533691406e-01
1.057503223419189453e+00
6.853834986686706543e-01
1.572186201810836792e-01
3.666695952415466309e-01
2.313817888498306274e-01
1.572055816650390625e+00
4.250561445951461792e-02
-3.293011784553527832e-01
-3.999439477920532227e-01
3.148805499076843262e-01
-6.850966215133666992e-01
-6.912769079208374023e-01
-7.107303738594055176e-01
-2.927671968936920166e-01
5.494437366724014282e-02
-4.041684269905090332e-01
-1.324193328619003296e-01
9.273003786802291870e-02
-3.143850862979888916e-01
-6.317169070243835449e-01
4.567919373512268066e-01
-3.637228906154632568e-01
-2.233761250972747803e-01
-5.903847515583038330e-02
6.049878895282745361e-02
4.861025512218475342e-01
5.173428654670715332e-01
3.222864270210266113e-01
-6.052486598491668701e-02
-2.366754412651062012e-01
-5.789368748664855957e-01
-6.964923143386840820e-01
-7.059583067893981934e-01
-7.653096914291381836e-01
-5.512430667877197266e-01
-1.288207024335861206e-01
2.976175248622894287e-01
1.683796048164367676e-01
-1.307608366012573242e+00
-5.030265450477600098e-01
-2.079385071992874146e-01
-5.294687151908874512e-01
-5.729391574859619141e-01
-5.608655214309692383e-01
4.876150190830230713e-01
-1.005270853638648987e-01
6.764129400253295898e-01
-8.568401932716369629e-01
-9.126972407102584839e-03
1.368237495422363281e+00
9.761949181556701660e-01
1.967801332473754883e+00
2.044676542282104492e+00
1.946209549903869629e+00
1.607572793960571289e+00
1.475205659866333008e+00
8.737120628356933594e-01
6.661385893821716309e-01
2.295042425394058228e-01
-1.937265098094940186e-01
8.521984517574310303e-02
-3.967025518417358398e+00
-7.593641430139541626e-02
3.014247715473175049e-01
-4.302976429462432861e-01
3.473725616931915283e-01
-2.934191226959228516e-01
9.840180277824401855e-01
1.146947503089904785e+00
-1.481177210807800293e+00
1.337727308273315430e+00
1.284686565399169922e+00
1.352278351783752441e+00
1.465348482131958008e+00
1.038258314132690430e+00
6.198257207870483398e-01
-1.526812165975570679e-01
2.550597786903381348e-01
8.098753690719604492e-01
-7.507586479187011719e-02
1.110908985137939453e+00
9.246666431427001953e-01
9.543423056602478027e-01
2.534951269626617432e-01
1.002063393592834473e+00
1.777151972055435181e-01
2.740438580513000488e-01
-8.579353988170623779e-02
1.307243257761001587e-01
3.148283958435058594e-01
1.412594616413116455e-01
4.479779005050659180e-01
-9.799760580062866211e-02
4.253430068492889404e-01
-1.518728286027908325e-01
1.318221688270568848e+00
8.463311195373535156e-01
8.065896630287170410e-01
7.550613880157470703e-01
6.964923143386840820e-01
6.757349371910095215e-01
1.061466932296752930e+00
1.623897075653076172e+00
9.256575703620910645e-01
1.090725421905517578e+00
5.683495998382568359e-01
1.682231426239013672e-01
-1.212583482265472412e-01
-5.067034363746643066e-01
-1.416610479354858398e+00
-1.334650278091430664e+00
-2.361538887023925781e+00
-1.986837625503540039e+00
-1.829540729522705078e+00
-1.242441773414611816e+00
-1.368498206138610840e+00
-7.073143124580383301e-01
-7.504718303680419922e-01
-6.483540534973144531e-01
3.681820631027221680e-01
5.768246576189994812e-02
6.070740520954132080e-02
9.380180835723876953e-01
9.632606506347656250e-01
3.611934185028076172e-01
-1.288728564977645874e-01
-1.260513186454772949e+00
4.137647747993469238e-01
4.861547052860260010e-01
3.230165839195251465e-01
2.007151693105697632e-01
5.549199134111404419e-02
2.170915603637695312e-01
8.468526601791381836e-01
-2.619962692260742188e-01
5.873337388038635254e-01
1.030695915222167969e+00
-3.434870839118957520e-01
3.674258291721343994e-02
-1.664499044418334961e-01
-3.108386099338531494e-01
-3.347773551940917969e-01
-5.922362208366394043e-01
-6.548211574554443359e-01
-4.350436627864837646e-01
-7.637450695037841797e-01
-6.570377349853515625e-01
-4.642499685287475586e-01
-5.644119977951049805e-01
1.254306826740503311e-02
5.267567001283168793e-03
-6.624096035957336426e-01
-3.144893944263458252e-01
-3.521186113357543945e-01
-4.484733641147613525e-01
-1.352095752954483032e-01
-7.541486620903015137e-02
3.544133901596069336e-01
-3.372807502746582031e-01
1.156283140182495117e+00
1.087752580642700195e+00
2.118787527084350586e+00
4.323316514492034912e-01
5.334063768386840820e-01
-4.121740758419036865e-01
-5.692101716995239258e-01
-9.562198519706726074e-01
-1.855461359024047852e+00
-1.556644320487976074e+00
-1.696860671043395996e+00
-5.418031811714172363e-01
6.825671792030334473e-01
-7.934207320213317871e-01
-8.224445581436157227e-01
-6.233461499214172363e-01
-4.698304533958435059e-01
2.170915603637695312e-01
7.355036139488220215e-01
5.208371877670288086e-01
1.326253414154052734e+00
9.070385098457336426e-01
1.154822826385498047e+00
1.778846979141235352e+00
