9.978972673416137695e-01
9.159418940544128418e-01
3.878473341464996338e-01
1.091378450393676758e+00
1.469128012657165527e+00
1.395995378494262695e+00
5.578269958496093750e-01
6.928722858428955078e-01
8.738167285919189453e-01
9.215518236160278320e-01
7.424943447113037109e-01
2.631548047065734863e-01
9.589850306510925293e-01
9.490912556648254395e-01
1.343313455581665039e+00
2.078922986984252930e+00
1.695359468460083008e+00
1.238612532615661621e+00
5.060120224952697754e-01
1.358103156089782715e-01
-4.365513846278190613e-02
-2.592533826828002930e-01
-8.227412700653076172e-01
-9.595715403556823730e-01
-1.139674544334411621e+00
-4.078899323940277100e-01
-6.450607776641845703e-01
-1.371617913246154785e-01
-9.195118397474288940e-02
8.547431230545043945e-02
-2.646592855453491211e-01
1.237235590815544128e-01
-5.241676568984985352e-01
-5.352854132652282715e-01
-8.970468044281005859e-01
-1.692401617765426636e-01
-6.688773036003112793e-01
-2.876088321208953857e-01
-3.239456117153167725e-01
-2.789134979248046875e-01
3.841243982315063477e-01
3.177747130393981934e-01
8.884024620056152344e-02
5.647118687629699707e-01
6.523281335830688477e-01
2.801476716995239258e+00
1.012380957603454590e+00
-6.622168064117431641e+00
1.553123354911804199e+00
1.215407967567443848e+00
1.565618038177490234e+00
2.350543588399887085e-01
6.792556047439575195e-01
4.814305007457733154e-01
2.974261343479156494e-01
3.856543898582458496e-01
7.668208479881286621e-01
7.248997092247009277e-01
5.705257058143615723e-01
1.540985584259033203e+00
7.689118385314941406e-01
1.032984614372253418e+00
9.525591731071472168e-01
6.326935291290283203e-01
1.302310228347778320e+00
-1.029593110084533691e+00
2.582078874111175537e-01
7.486141920089721680e-01
2.947741746902465820e-01
2.153687477111816406e-01
1.244222402572631836e+00
9.823426008224487305e-01
1.003609180450439453e+00
1.292824506759643555e+00
1.604887247085571289e+00
1.539608597755432129e+00
1.951323509216308594e+00
1.320567965507507324e+00
1.239326477050781250e+00
3.443962037563323975e-01
4.429772496223449707e-01
7.867614626884460449e-01
4.572059586644172668e-02
-3.605628758668899536e-02
1.391762495040893555e-01
9.817305952310562134e-02
-1.225505769252777100e-01
-6.469987034797668457e-01
-5.930927991867065430e-01
-5.308229923248291016e-01
-8.062940835952758789e-01
-6.440407633781433105e-01
-8.620104789733886719e-01
6.073980033397674561e-02
-3.099718689918518066e-01
6.902713328599929810e-02
5.272786021232604980e-01
4.498111009597778320e-01
8.496432006359100342e-02
3.790754973888397217e-01
4.607248902320861816e-01
3.424582257866859436e-02
4.988721311092376709e-01
1.763545125722885132e-01
3.151227831840515137e-01
8.914623856544494629e-01
1.172109842300415039e+00
1.678682804107666016e+00
1.162777066230773926e+00
7.956863045692443848e-01
1.528949737548828125e-01
-4.662327766418457031e-01
-8.337315320968627930e-01
-1.352391242980957031e+00
-2.124388456344604492e+00
-1.678402304649353027e+00
-1.197558403015136719e+00
-1.466093540191650391e+00
-9.887939691543579102e-01
-5.597649216651916504e-01
4.849494099617004395e-01
-1.258502125740051270e+00
2.723346278071403503e-02
5.950052738189697266e-01
1.047621250152587891e+00
6.920563578605651855e-01
6.770626306533813477e-01
9.753557443618774414e-01
1.364223007112741470e-02
-2.889092862606048584e-01
3.612258732318878174e-01
6.963912248611450195e-01
7.033271193504333496e-01
9.654619097709655762e-01
5.761356353759765625e-01
7.882404327392578125e-01
4.331854283809661865e-01
-6.094379723072052002e-02
-1.878037899732589722e-01
-2.689431905746459961e-01
4.780135452747344971e-01
1.968561112880706787e-01
1.167366951704025269e-01
-9.116069972515106201e-02
-3.520460426807403564e-01
1.396352350711822510e-01
2.728956043720245361e-01
2.029249966144561768e-01
5.390083789825439453e-01
4.671507775783538818e-01
5.597139596939086914e-01
8.202167749404907227e-01
7.052140831947326660e-01
1.147936344146728516e+00
6.236156821250915527e-01
7.700847983360290527e-01
5.906193256378173828e-01
4.280345439910888672e-01
-1.221425905823707581e-01
-5.496161580085754395e-01
-9.942253828048706055e-01
-1.068811416625976562e+00
-9.829291105270385742e-01
-7.234461903572082520e-01
-8.725417852401733398e-01
-7.751846686005592346e-03
-5.038700625300407410e-02
1.662567108869552612e-01
2.090958654880523682e-01
-1.161502078175544739e-01
5.347244441509246826e-02
8.055290579795837402e-02
-4.288505315780639648e-01
-9.006677269935607910e-01
-2.917652428150177002e-01
-6.513591408729553223e-01
-1.245803356170654297e+00
-6.874409317970275879e-01
3.909072652459144592e-02
2.304644435644149780e-01
1.215204000473022461e+00
1.224638819694519043e+00
9.504682421684265137e-01
1.242998480796813965e+00
9.789766669273376465e-01
2.069998025894165039e+00
1.555724263191223145e+00
1.477083802223205566e+00
1.614220142364501953e+00
1.970040082931518555e+00
1.385693669319152832e+00
1.742941617965698242e+00
9.129329919815063477e-01
2.383080959320068359e+00
-1.920621991157531738e-01
-8.751682043075561523e-01
-1.351498842239379883e+00
-7.894389033317565918e-01
-7.464467287063598633e-01
-9.148709177970886230e-01
-1.115093007683753967e-01
2.017520219087600708e-01
1.155382156372070312e+00
9.761717319488525391e-01
8.570890426635742188e-01
1.479327797889709473e+00
1.182666659355163574e+00
1.210563063621520996e+00
8.556610941886901855e-01
8.100680112838745117e-01
2.288324832916259766e-01
3.424072265625000000e-01
4.998411238193511963e-01
1.245752334594726562e+00
1.736056685447692871e+00
1.508499145507812500e+00
8.951852917671203613e-01
2.031289935111999512e-01
-5.068024992942810059e-01
-1.234328627586364746e+00
-1.082810640335083008e+00
-8.773101568222045898e-01
-4.044985175132751465e-01
-7.699317932128906250e-01
3.356243669986724854e-01
6.844064593315124512e-01
2.460701391100883484e-02
6.295825541019439697e-02
1.871662959456443787e-02
-8.040755987167358398e-01
-9.903239607810974121e-01
-1.807276844978332520e+00
-1.120065331459045410e+00
-1.259598612785339355e+00
-6.141043901443481445e-01
-9.034471511840820312e-01
1.303534209728240967e-01
3.121138215065002441e-01
-1.198476296849548817e-03
9.827505797147750854e-02
-3.348083794116973877e-01
-1.179326176643371582e+00
-1.543764948844909668e+00
-1.085182070732116699e+00
-1.331277728080749512e+00
-1.247690320014953613e+00
-5.498456358909606934e-01
-7.103904485702514648e-01
-2.721561193466186523e-01
-1.287877559661865234e+00
-9.770386815071105957e-01
-7.645514011383056641e-01
-1.442021965980529785e+00
-1.391303539276123047e+00
-2.250075489282608032e-01
-3.710176646709442139e-01
2.349013537168502808e-01
1.455511301755905151e-01
3.093088865280151367e-01
-1.886197775602340698e-01
-8.052486181259155273e-01
-6.531695723533630371e-01
-1.691101074218750000e+00
-6.304495334625244141e-01
-9.940978884696960449e-01
-5.665223002433776855e-01
-4.915537834167480469e-01
-5.031050443649291992e-01
2.759555578231811523e-01
-5.612184405326843262e-01
-5.937812924385070801e-01
-4.862243831157684326e-01
-1.610344171524047852e+00
-5.665988326072692871e-01
-1.024314761161804199e+00
-8.251891732215881348e-01
-1.060218095779418945e+00
-1.732206225395202637e+00
-1.001620173454284668e+00
-2.390373706817626953e+00
-1.879491329193115234e+00
-2.362171411514282227e+00
-1.634084224700927734e+00
-1.829155325889587402e+00
-1.717620611190795898e+00
-1.109738111495971680e+00
-4.946902394294738770e-03
3.254245817661285400e-01
3.367667436599731445e+00
4.828074574470520020e-01
9.043651223182678223e-01
-3.504140675067901611e-01
-3.542390167713165283e-01
6.066330149769783020e-02
2.587178945541381836e-01
6.348864436149597168e-01
2.621858119964599609e-01
6.241766810417175293e-01
6.966462731361389160e-02
2.595848776400089264e-02
9.846885204315185547e-01
8.705527782440185547e-01
1.032321572303771973e+00
-6.925918459892272949e-01
2.181838989257812500e+00
2.476459980010986328e+00
1.723051905632019043e+00
1.749367475509643555e+00
1.152985215187072754e+00
1.348617315292358398e+00
9.496522545814514160e-01
5.243206620216369629e-01
1.662873148918151855e+00
9.442463517189025879e-01
2.351053506135940552e-01
5.114382743835449219e+00
6.455452442169189453e-01
2.296994626522064209e-01
5.288595557212829590e-01
2.622368335723876953e-01
4.003930985927581787e-01
1.296904385089874268e-01
-2.559639513492584229e-01
-1.211736053228378296e-01
-3.184887170791625977e-01
-1.650072336196899414e-01
-8.104760050773620605e-01
6.553370505571365356e-02
4.230876564979553223e-01
3.737206161022186279e-01
9.879015088081359863e-01
1.236164569854736328e+00
1.254116177558898926e+00
1.198884367942810059e+00
1.037370562553405762e+00
7.643728852272033691e-01
6.627318859100341797e-01
4.971381723880767822e-01
8.618829399347305298e-02
-1.989470720291137695e-01
-6.247121691703796387e-01
4.852554202079772949e-02
-1.256513237953186035e+00
4.385913312435150146e-01
1.362795114517211914e+00
1.149721264839172363e+00
1.055730104446411133e+00
4.880093634128570557e-01
1.861973255872726440e-01
-1.913482248783111572e-01
-4.110008776187896729e-01
-3.438352048397064209e-01
-3.108388483524322510e-01
-4.125818610191345215e-02
-7.227832078933715820e-01
-9.262437224388122559e-01
-8.790441155433654785e-01
-1.330181241035461426e+00
-1.292518496513366699e+00
-1.221170902252197266e+00
-1.217830419540405273e+00
-3.441922068595886230e-01
-8.445433378219604492e-01
-9.949903488159179688e-01
-4.194922149181365967e-01
-1.341452002525329590e+00
-7.094215154647827148e-01
-2.686116993427276611e-01
-7.474667429924011230e-01
-1.005955100059509277e+00
-3.896577954292297363e-01
-7.256391644477844238e-01
-5.273805856704711914e-01
3.980471193790435791e-02
1.019979864358901978e-01
6.989412009716033936e-02
5.728206634521484375e-01
7.865064740180969238e-01
7.476962208747863770e-01
5.218216776847839355e-01
1.814544200897216797e-01
6.493191719055175781e-01
6.087239980697631836e-01
7.350484728813171387e-01
1.938981711864471436e-01
-7.840074896812438965e-01
-2.715441286563873291e-01
-5.139933228492736816e-01
-4.609034061431884766e-01
-1.477670311927795410e+00
-1.646757423877716064e-01
2.883993089199066162e-01
8.695328235626220703e-02
1.414151072502136230e+00
4.665897786617279053e-01
1.757935285568237305e-01
2.480794906616210938e+00
2.581059038639068604e-01
-2.714166343212127686e-01
-4.141883254051208496e-01
3.933552205562591553e-01
-3.474051356315612793e-01
-1.149007305502891541e-01
-5.237596482038497925e-02
4.203336834907531738e-01
2.985481023788452148e-01
-8.440333604812622070e-02
3.028830289840698242e-01
1.041909381747245789e-01
-1.339998543262481689e-01
4.974441826343536377e-01
3.725476264953613281e-01
4.320634603500366211e-01
6.724727153778076172e-01
-2.549949586391448975e-01
2.120028138160705566e-01
5.691487714648246765e-02
-5.829694867134094238e-01
-6.622474193572998047e-01
-8.391374349594116211e-01
-6.942237615585327148e-01
-2.886287868022918701e-01
-5.389318466186523438e-01
-5.179712772369384766e-01
-9.229797720909118652e-01
-5.070064663887023926e-01
-9.349390268325805664e-01
-3.895303010940551758e-01
-1.110783576965332031e+00
-1.380058288574218750e+00
-1.412391543388366699e+00
-1.108998537063598633e+00
-1.426008343696594238e+00
-9.958572983741760254e-01
-1.465328574180603027e+00
-1.579923272132873535e+00
-1.295629382133483887e+00
-9.337660670280456543e-01
-8.002507090568542480e-01
-9.780842065811157227e-01
-9.206083416938781738e-01
-1.570156931877136230e+00
-1.659048199653625488e+00
-2.112862825393676758e+00
-2.260020256042480469e+00
-2.217002630233764648e+00
-1.788254141807556152e+00
-1.837085723876953125e+00
-1.688704133033752441e+00
-2.172531604766845703e+00
-1.893210053443908691e+00
-1.555061340332031250e+00
-2.015123128890991211e+00
-9.843315482139587402e-01
-6.835650205612182617e-01
-3.857563734054565430e-01
-7.129403948783874512e-01
8.583640456199645996e-01
6.575810313224792480e-01
5.783795714378356934e-01
6.976661831140518188e-02
1.447861343622207642e-01
6.991961598396301270e-02
2.186326831579208374e-01
3.574825286865234375e+00
7.285715937614440918e-01
1.803885340690612793e+00
1.499727368354797363e+00
1.582090735435485840e+00
1.871051073074340820e+00
8.137398958206176758e-01
9.180838465690612793e-01
1.767217040061950684e+00
1.702091336250305176e+00
1.765585064888000488e+00
2.160368442535400391e+00
1.677254915237426758e+00
9.906554222106933594e-01
4.213536679744720459e-01
3.682637214660644531e-01
1.088318526744842529e-01
7.928813099861145020e-01
2.653477489948272705e-01
-1.751560419797897339e-01
6.984312087297439575e-02
1.618198007345199585e-01
2.685097046196460724e-02
-2.648887634277343750e-01
3.082889132201671600e-02
1.185726560652256012e-02
-6.619669497013092041e-02
-5.403343215584754944e-02
-4.615918695926666260e-01
-2.396952593699097633e-03
3.468951582908630371e-01
7.379044294357299805e-01
1.184655547142028809e+00
3.986081182956695557e-01
2.159297317266464233e-01
1.480500698089599609e-01
7.071010023355484009e-02
-9.896354377269744873e-02
-5.640488862991333008e-01
-1.378757804632186890e-01
1.178586706519126892e-01
-2.303879559040069580e-01
-1.527674794197082520e-01
2.090448737144470215e-01
6.688517928123474121e-01
3.686207234859466553e-01
9.766306877136230469e-01
1.316385984420776367e+00
-2.368648290634155273e+00
1.327452778816223145e+00
1.272322893142700195e+00
1.134013652801513672e+00
9.314455986022949219e-01
9.719387888908386230e-01
5.524210929870605469e-01
3.018120527267456055e-01
-6.212187409400939941e-01
-2.465036362409591675e-01
-6.499821543693542480e-01
-1.391430974006652832e+00
-1.606774210929870605e+00
-1.535375714302062988e+00
-1.598792910575866699e+00
-2.073134660720825195e+00
-2.376196146011352539e+00
-4.057301521301269531e+00
-1.753625869750976562e+00
-1.146406412124633789e+00
-1.471371889114379883e+00
-1.298026323318481445e+00
-5.269725918769836426e-01
-3.258835524320602417e-02
-4.584554433822631836e-01
1.356063187122344971e-01
-5.226376652717590332e-01
-1.118152886629104614e-01
-4.959906935691833496e-01
-8.762391805648803711e-01
-8.147854208946228027e-01
-5.135343670845031738e-01
-3.202991783618927002e-01
9.888704866170883179e-02
2.836563885211944580e-01
1.538129597902297974e-01
5.240146443247795105e-02
3.733126074075698853e-02
-6.920563578605651855e-01
1.948671489953994751e-01
-5.648138523101806641e-01
-1.227826237678527832e+00
-1.218824982643127441e+00
-1.519361972808837891e+00
-1.277193307876586914e+00
-9.239742755889892578e-01
-1.211149573326110840e+00
-1.037497997283935547e+00
3.146637976169586182e-02
-1.768390089273452759e-01
5.495141446590423584e-02
-1.859678328037261963e-01
-6.181842684745788574e-01
-7.974457740783691406e-01
-2.291665315628051758e+00
-6.146398782730102539e-01
-4.011070728302001953e-01
-1.025615215301513672e+00
-8.618829399347305298e-02
-6.763741374015808105e-01
-8.140203952789306641e-01
-1.236062526702880859e+00
-8.554571270942687988e-01
-9.579395651817321777e-01
-6.086984872817993164e-01
-9.905024170875549316e-01
-9.600305557250976562e-01
-1.160890102386474609e+00
-6.452392339706420898e-01
-9.406509399414062500e-01
-3.633168339729309082e-01
-5.323019623756408691e-01
4.056459963321685791e-01
6.890473961830139160e-01
1.252127289772033691e+00
1.212093114852905273e+00
8.610669970512390137e-01
9.111989736557006836e-01
1.642167568206787109e-01
1.051854252815246582e+00
-3.463086485862731934e-01
-8.633619546890258789e-01
7.611599564552307129e-02
-1.173486784100532532e-01
-1.505490243434906006e-01
-2.300309538841247559e-01
4.939252436161041260e-01
-4.477711394429206848e-02
3.940182030200958252e-01
-1.747174501419067383e+00
1.201944231986999512e+00
1.308787107467651367e+00
6.906793713569641113e-01
1.553327322006225586e+00
1.090817451477050781e+00
8.294985890388488770e-01
1.037829518318176270e+00
1.551695346832275391e+00
8.387804031372070312e-01
1.089185476303100586e+00
3.594408929347991943e-01
1.911952197551727295e-01
-8.312835544347763062e-02
-2.997210919857025146e-01
-1.441384553909301758e+00
-1.289484024047851562e+00
-8.986532688140869141e-01
-1.108004093170166016e+00
-1.069270372390747070e+00
-5.939852595329284668e-01
3.715276718139648438e-02
9.405234456062316895e-01
6.939942836761474609e-01
1.039869487285614014e-01
9.526611566543579102e-01
6.346314549446105957e-01
4.513410925865173340e-01
3.668867647647857666e-01
5.665988102555274963e-02
2.451011538505554199e-01
5.943932756781578064e-02
7.785506248474121094e-01
2.134307846426963806e-02
5.322254896163940430e-01
-1.862993240356445312e+00
1.017939925193786621e+00
6.269305944442749023e-01
1.638087630271911621e-01
6.621199250221252441e-01
1.933371871709823608e-01
2.564229369163513184e-01
-2.330399006605148315e-01
1.739575564861297607e-01
-3.772650361061096191e-01
6.915463507175445557e-02
-3.934062421321868896e-01
-4.871678650379180908e-01
-8.491332083940505981e-02
2.217946201562881470e-01
3.573499321937561035e-01
1.107596158981323242e+00
1.172721862792968750e+00
2.328919887542724609e+00
1.401707291603088379e+00
2.283989906311035156e+00
2.275625944137573242e+00
2.078413009643554688e+00
1.732843756675720215e+00
1.537721633911132812e+00
1.342140436172485352e+00
9.104850292205810547e-01
7.425963282585144043e-01
3.294025063514709473e-01
-1.314499080181121826e-01
-1.671237051486968994e-01
-4.103634059429168701e-01
-5.509421229362487793e-01
-2.724366188049316406e-01
-1.547589898109436035e+00
-9.535791873931884766e-01
-1.342880010604858398e+00
-1.238306522369384766e+00
-1.488201618194580078e+00
-1.283109188079833984e+00
-1.593132019042968750e+00
-1.790574669837951660e+00
-4.424060821533203125e+00
-1.234456062316894531e+00
-1.156504154205322266e+00
-1.269033432006835938e+00
-1.627454400062561035e+00
2.113908156752586365e-02
-4.333894252777099609e-01
-2.753512144088745117e+00
-5.534410476684570312e-01
-9.612290263175964355e-01
-5.825359821319580078e-01
-1.143397390842437744e-01
-4.325989484786987305e-01
-3.693856894969940186e-01
-1.861463184468448162e-03
5.946992635726928711e-01
6.643638610839843750e-01
7.221967577934265137e-01
1.127332687377929688e+00
1.393292427062988281e+00
2.041744709014892578e+00
2.050771474838256836e+00
2.335090875625610352e+00
2.325757980346679688e+00
2.665054321289062500e+00
1.395026445388793945e+00
1.441180586814880371e+00
8.556100726127624512e-01
-6.037005782127380371e-01
-4.043965041637420654e-01
-1.325285315513610840e+00
-3.069654941558837891e+00
-2.081039428710937500e+00
-2.503361940383911133e+00
-2.741756916046142578e+00
-2.445937156677246094e+00
-2.455780029296875000e+00
-2.020452499389648438e+00
-1.320159912109375000e+00
-1.323449373245239258e+00
-5.359994173049926758e-01
-1.622277945280075073e-01
3.966701626777648926e-01
7.750316858291625977e-01
5.851624608039855957e-01
1.374422907829284668e-01
3.872863352298736572e-01
-4.517235755920410156e-01
-2.301839590072631836e-01
-2.867928445339202881e-01
1.887472718954086304e-01
-6.186687946319580078e-01
-7.882149219512939453e-01
-4.800790250301361084e-01
-7.440497875213623047e-01
-1.183839559555053711e+00
-1.475018382072448730e+00
-1.046754360198974609e+00
-8.680283427238464355e-01
-9.944803714752197266e-01
-8.081555366516113281e-01
-7.033016085624694824e-01
-1.198119282722473145e+00
-1.005164623260498047e+00
-4.578179419040679932e-01
-1.257635205984115601e-01
3.514340519905090332e-01
4.652128219604492188e-01
1.132534623146057129e+00
8.539271354675292969e-01
6.906793713569641113e-01
9.654619097709655762e-01
1.112797975540161133e+00
9.445013403892517090e-01
1.729528784751892090e+00
2.073568105697631836e+00
2.136551856994628906e+00
2.520523309707641602e+00
2.595185756683349609e+00
3.121801376342773438e+00
2.871804237365722656e+00
-1.333623677492141724e-01
1.976159930229187012e+00
2.156798362731933594e+00
1.212144017219543457e+00
1.841777563095092773e+00
7.232167124748229980e-01
1.148803353309631348e+00
5.943932533264160156e-01
2.562699466943740845e-02
2.877873182296752930e-01
1.451941281557083130e-01
4.539930224418640137e-01
-1.259675174951553345e-01
-4.412177801132202148e-01
-1.012329980731010437e-01
2.313824295997619629e-01
2.657047510147094727e-01
9.589850306510925293e-01
-1.608253270387649536e-01
-2.255761861801147461e+00
-3.103288635611534119e-02
2.136347740888595581e-01
1.869113147258758545e-01
1.234175637364387512e-01
1.012329980731010437e-01
3.348083794116973877e-02
-4.087314307689666748e-01
-2.218456193804740906e-02
-2.813359498977661133e-01
-1.584793627262115479e-01
2.646847628057003021e-02
1.267324946820735931e-02
-1.070978865027427673e-02
7.872714400291442871e-01
5.015751123428344727e-01
8.995712399482727051e-01
6.614569425582885742e-01
6.541130542755126953e-01
3.382253050804138184e-01
1.125037744641304016e-01
-7.020521163940429688e-01
-9.883859753608703613e-01
-1.694517970085144043e+00
-2.378516435623168945e+00
-1.950966477394104004e+00
-2.162459373474121094e+00
-1.227647781372070312e+00
-1.401095271110534668e+00
-1.723765879869461060e-01
3.724966347217559814e-01
7.220947146415710449e-01
8.765196800231933594e-01
5.172827839851379395e-01
8.902384042739868164e-01
3.700487017631530762e-01
5.530330538749694824e-01
8.611179888248443604e-02
3.021690249443054199e-01
-3.371798396110534668e-01
-7.048570513725280762e-01
-7.993836998939514160e-01
-7.366804480552673340e-01
-9.629374742507934570e-01
-1.073605298995971680e+00
-1.892241120338439941e+00
-1.541852593421936035e+00
-1.360500097274780273e+00
-1.240754485130310059e+00
-3.708136677742004395e-01
-7.119204401969909668e-01
-4.643458127975463867e-02
-7.436162829399108887e-01
-2.902862727642059326e-01
-9.309356212615966797e-01
-3.958796858787536621e-01
1.676846891641616821e-01
6.282566189765930176e-01
7.372924089431762695e-01
3.458751738071441650e-01
3.798914849758148193e-01
-5.971472263336181641e-01
-8.046876192092895508e-01
-7.160513401031494141e-01
-8.203952908515930176e-01
1.880842894315719604e-01
6.069900393486022949e-01
1.010035037994384766e+00
1.038747429847717285e+00
-1.256105154752731323e-01
2.329124063253402710e-01
-6.077805161476135254e-01
1.378502696752548218e-01
-6.939178109169006348e-01
1.921641975641250610e-01
2.776385247707366943e-01
5.914863348007202148e-01
1.522319912910461426e-01
-3.902697861194610596e-01
-2.281439900398254395e-01
-4.228326380252838135e-01
-9.276716709136962891e-01
-8.459202647209167480e-01
-8.542841076850891113e-01
-7.426473498344421387e-01
-1.168998956680297852e+00
-2.448971569538116455e-01
5.543080568313598633e-01
2.369923144578933716e-01
6.911383271217346191e-01
7.052140831947326660e-01
-1.295858860015869141e+00
8.712157607078552246e-01
5.816435217857360840e-01
5.115199089050292969e-02
-6.605389714241027832e-01
-2.964826524257659912e-01
-6.830549836158752441e-01
-2.201116532087326050e-01
-2.748845815658569336e-01
-2.624739646911621094e+00
-2.793214917182922363e-01
-6.021450757980346680e-01
-3.053819537162780762e-01
-7.839565277099609375e-01
-5.341889262199401855e-01
-6.302965283393859863e-01
-2.322494089603424072e-01
1.654407382011413574e-01
2.557089626789093018e-01
3.985571265220642090e-01
7.934933304786682129e-01
4.571549594402313232e-01
3.044129908084869385e-01
7.800806164741516113e-01
-3.643878176808357239e-02
4.634278416633605957e-01
5.807255506515502930e-01
7.215847373008728027e-01
1.411652117967605591e-01
3.619398474693298340e-01
1.713056117296218872e-01
-6.104579567909240723e-02
-3.452631831169128418e-01
-6.680868268013000488e-01
-2.190151661634445190e-01
-1.288999468088150024e-01
9.547011554241180420e-02
1.040583491325378418e+00
1.208676099777221680e+00
6.055620312690734863e-01
8.306716084480285645e-01
3.831554353237152100e-01
1.739065721631050110e-02
-1.341273486614227295e-01
-7.388989329338073730e-01
-1.497279405593872070e+00
-1.142887473106384277e+00
-1.196920871734619141e+00
-1.652112364768981934e+00
-1.232467174530029297e+00
-1.180218696594238281e+00
-3.764745593070983887e-01
7.421883344650268555e-01
5.573679804801940918e-01
2.222536057233810425e-01
8.632599711418151855e-01
1.085972547531127930e+00
1.180881619453430176e+00
2.876343131065368652e-01
-6.081629917025566101e-02
-4.523355662822723389e-01
4.695783138275146484e+00
1.377482861280441284e-01
-1.492485553026199341e-01
2.944171726703643799e-01
1.951731443405151367e-01
1.861463189125061035e-01
6.317245364189147949e-01
7.412703335285186768e-02
-1.860698312520980835e-01
-7.786016464233398438e-01
-1.144672408699989319e-01
-6.833099722862243652e-01
-5.317410230636596680e-01
-2.290033340454101562e+00
-8.155503869056701660e-01
-3.557434678077697754e-01
6.139768958091735840e-01
6.537050604820251465e-01
9.735197424888610840e-01
6.168838143348693848e-01
9.531711935997009277e-01
9.032431840896606445e-01
4.840314388275146484e-01
-1.323423814028501511e-02
-2.703966498374938965e-01
-3.245576024055480957e-01
-8.066000938415527344e-01
-1.842568159103393555e+00
-6.966717243194580078e-01
-7.379044294357299805e-01
-9.143864512443542480e-01
-1.702091395854949951e-01
5.396203398704528809e-01
9.538341760635375977e-01
8.210837841033935547e-01
8.371484279632568359e-02
-7.532551139593124390e-02
-4.204866886138916016e-01
-8.941653370857238770e-01
-9.757382273674011230e-01
-9.798181653022766113e-01
-4.450172185897827148e-01
-6.635988950729370117e-01
-8.806505799293518066e-01
-4.753870964050292969e-01
-8.962562680244445801e-01
-1.247613906860351562e+00
-1.724658489227294922e+00
-2.448436021804809570e+00
-1.381435155868530273e+00
-1.342089533805847168e+00
-7.059790492057800293e-01
-4.933387637138366699e-01
2.845947742462158203e+00
6.947592496871948242e-01
6.244826912879943848e-01
2.024812936782836914e+00
1.562150120735168457e+00
1.881964802742004395e+00
8.234807252883911133e-01
6.627319008111953735e-02
-2.932696938514709473e-01
-2.611658275127410889e-01
-3.409027755260467529e-01
-4.860458970069885254e-01
-1.733200699090957642e-01
-2.290619760751724243e-01
-4.350239753723144531e+00
1.277065753936767578e+00
3.363893628120422363e-01
-4.240311384201049805e-01
-9.413394331932067871e-01
-2.150372564792633057e-01
4.182427525520324707e-01
1.501920372247695923e-01
7.049590945243835449e-01
8.706037998199462891e-01
5.399773120880126953e-01
4.318084716796875000e-01
5.048390030860900879e-01
2.946721911430358887e-01
9.221637845039367676e-01
5.209547281265258789e-01
2.606558501720428467e-01
-4.042180180549621582e-01
-1.750030368566513062e-01
-1.812759190797805786e-01
7.790096104145050049e-02
3.481191098690032959e-01
5.895483493804931641e-02
-3.791010081768035889e-01
1.217855960130691528e-01
2.601458728313446045e-01
-5.915882997214794159e-03
2.034859806299209595e-01
-1.023804768919944763e-01
-1.899967491626739502e-01
-5.594334602355957031e-01
-7.291070818901062012e-01
-1.085998058319091797e+00
-9.345310330390930176e-01
-2.762360572814941406e-01
3.669377565383911133e-01
1.086380481719970703e+00
8.536721467971801758e-01
1.912564277648925781e+00
1.199700355529785156e+00
8.012961745262145996e-01
-2.316374182701110840e-01
-3.879493474960327148e-01
-4.085529148578643799e-01
1.164816990494728088e-01
-1.015517473220825195e+00
-5.612694025039672852e-01
1.247435361146926880e-01
2.004770338535308838e-01
2.086878716945648193e-01
3.666317462921142578e-01
4.696497321128845215e-01
-1.487385630607604980e-01
-4.144433140754699707e-01
-6.621709465980529785e-01
-2.130023956298828125e+00
4.333384335041046143e-01
1.639107614755630493e-01
2.104218453168869019e-01
1.797204464673995972e-01
3.251695632934570312e-01
4.968831837177276611e-01
7.843134999275207520e-01
5.191697478294372559e-01
2.432141900062561035e-01
7.156178355216979980e-01
2.887052893638610840e-01
7.134249210357666016e-01
1.218722939491271973e+00
3.965171575546264648e-01
2.029759995639324188e-02
1.242998480796813965e+00
5.401813387870788574e-01
1.595758497714996338e-01
1.940001696348190308e-01
-2.359468340873718262e-01
-3.606138825416564941e-01
-7.572840452194213867e-01
-7.348954677581787109e-01
-8.097364902496337891e-01
-5.001981258392333984e-01
-6.736456751823425293e-01
5.251876115798950195e-01
8.586190342903137207e-01
7.972672581672668457e-01
1.018704891204833984e+00
1.067663908004760742e+00
6.937903165817260742e-01
4.079919308423995972e-04
7.318865656852722168e-01
1.356573216617107391e-02
-1.656702309846878052e-01
-2.408172488212585449e-01
-2.980891168117523193e-01
-1.364988088607788086e-01
-4.231641292572021484e-01
-5.525996088981628418e-01
6.527870893478393555e-03
-2.816674411296844482e-01
2.337793856859207153e-01
6.591109633445739746e-01
1.346577405929565430e+00
7.817635536193847656e-01
9.632179737091064453e-01
9.963673353195190430e-01
6.340704560279846191e-01
3.083399236202239990e-01
-2.737880945205688477e-01
-4.507291018962860107e-01
-9.190018177032470703e-01
-5.280945897102355957e-01
-1.724071979522705078e+00
-1.501588821411132812e+00
-1.663306593894958496e+00
-1.452425837516784668e+00
-2.169930696487426758e+00
-1.547895908355712891e+00
-1.635920166969299316e+00
-1.313632011413574219e+00
-2.890928983688354492e+00
-1.031174182891845703e+00
-9.216282963752746582e-01
-2.881443127989768982e-02
-4.106438755989074707e-01
-1.914145231246948242e+00
3.026280105113983154e-01
5.950562357902526855e-01
-2.554182529449462891e+00
-1.468770951032638550e-02
-4.976226687431335449e-01
-1.130392670631408691e+00
-1.659328699111938477e+00
-1.820358037948608398e+00
-9.952708482742309570e-01
-1.352263808250427246e+00
-6.564590334892272949e-01
-4.894883334636688232e-01
1.346373371779918671e-02
-8.290905952453613281e-01
-3.160917460918426514e-01
-1.160380125045776367e+00
-6.689792871475219727e-01
-6.109934449195861816e-01
-2.926832139492034912e-01
4.425182640552520752e-01
4.443542361259460449e-01
8.026221394538879395e-01
4.414982795715332031e-01
-1.189551502466201782e-01
4.640908241271972656e-01
5.585409402847290039e-01
4.365003705024719238e-01
6.317754983901977539e-01
3.378173410892486572e-01
1.703366339206695557e-01
-2.028739899396896362e-01
-5.347244143486022949e-01
-4.585064351558685303e-01
-8.471952676773071289e-01
4.531260579824447632e-02
-1.045989319682121277e-01
3.876433372497558594e-01
6.386603713035583496e-01
1.316028952598571777e+00
-8.055290579795837402e-02
1.891093611717224121e+00
2.030575990676879883e+00
1.857944250106811523e+00
1.680365800857543945e+00
1.057311058044433594e+00
9.955003261566162109e-01
4.303804934024810791e-01
-3.680342435836791992e-01
-2.729211151599884033e-01
-3.462066650390625000e-01
-5.945972800254821777e-01
-1.166346967220306396e-01
3.419482409954071045e-01
-5.189912319183349609e-01
-4.351999163627624512e-01
6.741557121276855469e-01
3.457221686840057373e-01
-9.883604943752288818e-02
2.690196782350540161e-02
2.870733439922332764e-01
2.004770338535308838e-01
3.942732214927673340e-01
2.112888246774673462e-01
7.443302869796752930e-02
5.800625681877136230e-01
7.130678892135620117e-01
9.593420624732971191e-01
7.633529305458068848e-01
1.039257526397705078e+00
1.156555175781250000e+00
1.535681605339050293e+00
9.840255379676818848e-01
1.021203875541687012e+00
-2.584373950958251953e-01
8.712616920471191406e+00
-5.048645138740539551e-01
-3.831809163093566895e-01
-1.088114500045776367e+00
-1.103567242622375488e+00
-1.396352410316467285e+00
-4.302020072937011719e-01
-5.583114624023437500e-01
-3.047954738140106201e-01
-7.638373970985412598e-01
-4.502701163291931152e-01
-1.895122528076171875e-01
-1.655937284231185913e-01
-2.934992015361785889e-01
4.860203862190246582e-01
1.156300187110900879e+00
6.830804944038391113e-01
1.136767506599426270e+00
6.113759279251098633e-01
1.907974362373352051e+00
2.290874719619750977e+00
1.805772304534912109e+00
1.249730348587036133e+00
1.259012103080749512e+00
1.049355268478393555e+00
7.280105948448181152e-01
-1.937451660633087158e-01
3.064529597759246826e-01
-1.590837121009826660e+00
-1.053231239318847656e+00
-9.781861901283264160e-01
-1.117515444755554199e+00
-8.939868211746215820e-01
-4.582004547119140625e-01
-6.768076419830322266e-01
5.011671185493469238e-01
-4.394838213920593262e-01
8.215937614440917969e-01
7.748277187347412109e-01
4.864794015884399414e-01
1.122079849243164062e+00
4.493521153926849365e-01
5.411503314971923828e-01
-1.802304387092590332e-01
-1.170758366584777832e+00
-6.421282887458801270e-01
-1.043541431427001953e+00
-1.213011071085929871e-01
6.098459362983703613e-01
8.137909173965454102e-01
7.159748673439025879e-01
7.308155894279479980e-01
6.491661667823791504e-01
7.250526547431945801e-01
-9.052321314811706543e-03
9.842805564403533936e-02
6.385073810815811157e-02
-4.592204391956329346e-01
-1.201077222824096680e+00
-9.387384653091430664e-01
-1.284001588821411133e+00
-8.456907868385314941e-01
-8.299831151962280273e-01
-8.728987574577331543e-01
-6.987372040748596191e-01
-2.676936984062194824e-01
1.030179634690284729e-01
-4.329304397106170654e-01
-7.302290797233581543e-01
-2.685811042785644531e+00
5.189147591590881348e-01
3.861643671989440918e-01
5.368154048919677734e-01
1.218110918998718262e+00
1.008250117301940918e-01
1.234073638916015625e+00
5.915883183479309082e-02
-5.367134213447570801e-01
-5.236321687698364258e-01
-3.454416692256927490e-01
-1.964991241693496704e-01
-3.526580333709716797e-02
-5.762886255979537964e-02
-2.675152122974395752e-01
-2.182246893644332886e-01
2.294954657554626465e-02
1.713923096656799316e+00
-3.994750976562500000e-01
-9.755852222442626953e-01
-4.943587481975555420e-01
-4.228071570396423340e-01
-1.350453346967697144e-01
-3.427897393703460693e-01
-1.635027676820755005e-01
-2.552754580974578857e-01
2.922752201557159424e-01
2.769755423069000244e-01
3.843794167041778564e-01
4.184467196464538574e-01
4.985661506652832031e-01
1.283134669065475464e-01
-1.626357883214950562e-01
5.601729154586791992e-01
1.980800926685333252e-01
2.368393242359161377e-01
9.620960056781768799e-02
4.624588787555694580e-01
3.577579259872436523e-01
1.273291826248168945e+00
1.459387183189392090e+00
1.464181065559387207e+00
2.755985498428344727e+00
1.005139112472534180e+00
7.496851682662963867e-01
3.225686252117156982e-01
1.361673116683959961e+00
7.525921463966369629e-01
7.833955287933349609e-01
8.715217709541320801e-01
7.141898870468139648e-01
3.793305158615112305e-01
9.653089046478271484e-01
5.162118077278137207e-01
6.068880110979080200e-02
3.583189249038696289e-01
-4.888253286480903625e-02
-2.891132831573486328e-01
6.091829761862754822e-02
-3.252715766429901123e-01
-3.906777799129486084e-01
-5.898798704147338867e-01
-4.316044747829437256e-01
-8.716747760772705078e-01
-9.641869664192199707e-01
-4.938997328281402588e-01
-5.747331380844116211e-01
-4.161772727966308594e-01
-6.824430227279663086e-01
-1.169151887297630310e-01
-2.449736595153808594e-01
-9.631415009498596191e-01
-6.854519844055175781e-01
-4.624843597412109375e-01
-1.144085884094238281e+00
-1.164613008499145508e+00
-9.430988430976867676e-01
-1.047085762023925781e+00
-4.294115304946899414e-02
-1.453471332788467407e-01
8.027241379022598267e-02
-4.685277342796325684e-01
-1.838258653879165649e-01
-1.910677254199981689e-01
3.003993749618530273e+00
4.962202161550521851e-02
-1.881607770919799805e-01
6.264716386795043945e-01
7.322435379028320312e-01
8.592310547828674316e-01
-5.944952368736267090e-01
-3.988631069660186768e-01
-3.767805695533752441e-01
-2.406387478113174438e-01
-4.771975874900817871e-01
-1.623807996511459351e-01
-1.264519989490509033e-01
1.820664107799530029e-01
1.243355423212051392e-01
-4.068699479103088379e-01
1.207962155342102051e+00
4.638868272304534912e-01
1.212960004806518555e+00
6.439132690429687500e-01
2.389812767505645752e-01
-4.036570191383361816e-01
-9.253512024879455566e-01
-5.625188946723937988e-01
-5.954132676124572754e-01
-1.025130748748779297e+00
-7.081720232963562012e-01
-4.507035911083221436e-01
-3.230021297931671143e-01
-4.891058504581451416e-01
-1.182156682014465332e+00
-8.079005479812622070e-01
-1.073656320571899414e+00
-2.264100313186645508e-01
-4.351488947868347168e-01
7.710537910461425781e-01
7.564170360565185547e-01
9.226737618446350098e-01
9.601580500602722168e-01
5.790425539016723633e-01
8.844245076179504395e-01
2.641237974166870117e-01
4.383363425731658936e-01
2.266395241022109985e-01
5.011160969734191895e-01
1.242335438728332520e-01
-2.657047472894191742e-02
-5.716986954212188721e-02
-2.483650892972946167e-01
-6.374873965978622437e-02
-2.192956628277897835e-03
-1.652545809745788574e+00
1.046499311923980713e-01
1.119937896728515625e+00
9.652069211006164551e-01
2.560302495956420898e+00
1.347801327705383301e+00
1.883545756340026855e+00
1.754263401031494141e+00
1.012890934944152832e+00
5.473212003707885742e-01
6.368753910064697266e-01
-2.328359037637710571e-01
-3.526580333709716797e-02
-1.136767566204071045e-01
-3.123688325285911560e-02
1.758955270051956177e-01
1.440721563994884491e-02
4.922932684421539307e-01
8.081300258636474609e-01
9.838215708732604980e-01
4.202316999435424805e-01
1.921132057905197144e-01
-7.481551915407180786e-02
1.392272561788558960e-01
3.179787099361419678e-01
7.599869966506958008e-01
4.923442602157592773e-01
-2.216926217079162598e-01
3.570439517498016357e-01
8.895754218101501465e-01
7.838545441627502441e-01
8.658608794212341309e-01
6.198417544364929199e-01
9.777016639709472656e-01
5.015751123428344727e-01
4.678647518157958984e-01
-5.979631841182708740e-02
-2.779445052146911621e-01
-7.339519858360290527e-01
-7.935953140258789062e-01
-7.995111942291259766e-01
-3.542900085449218750e-01
-3.521225452423095703e-01
-1.660017296671867371e-02
6.339174509048461914e-01
4.987701475620269775e-01
5.813885331153869629e-01
6.471261978149414062e-01
1.352187275886535645e+00
1.070009827613830566e+00
9.558741450309753418e-01
1.010647058486938477e+00
6.193317770957946777e-01
7.431573271751403809e-01
-3.513830527663230896e-02
2.484670877456665039e-01
-1.681691706180572510e-01
-1.046014785766601562e+00
-4.158712923526763916e-01
-1.409790635108947754e+00
-1.707318782806396484e+00
-1.172262787818908691e+00
-1.315417051315307617e+00
-1.828262925148010254e+00
-9.037021547555923462e-02
3.738736212253570557e-01
6.408533453941345215e-01
4.758715927600860596e-01
5.215157270431518555e-01
1.075619697570800781e+00
1.201944231986999512e+00
5.406913161277770996e-01
7.173518538475036621e-01
-9.488362818956375122e-02
-2.066734135150909424e-01
-5.035385489463806152e-01
-9.656149148941040039e-01
-1.734271764755249023e+00
-1.503144264221191406e+00
-2.715721845626831055e+00
-3.030819177627563477e+00
-2.836665868759155273e+00
-2.433748483657836914e+00
-1.238179087638854980e+00
-7.130678892135620117e-01
-5.792210698127746582e-01
4.921402782201766968e-03
5.579289793968200684e-01
8.618829771876335144e-03
4.607759043574333191e-02
-5.323019623756408691e-01
3.236701965332031250e+00
-2.336263805627822876e-01
5.913333222270011902e-02
-3.047699928283691406e-01
-7.078660279512405396e-02
2.435201965272426605e-02
-8.080025315284729004e-01
-4.385913312435150146e-01
2.488750815391540527e-01
-3.251695632934570312e-01
-7.645003795623779297e-01
-2.344933748245239258e-01
4.551660269498825073e-02
-7.135779261589050293e-01
-9.968262910842895508e-01
-1.129066705703735352e+00
-1.441486477851867676e+00
-2.066632270812988281e+00
-1.511533617973327637e+00
-1.997809052467346191e+00
-2.244669675827026367e+00
-1.429680228233337402e+00
-1.296368837356567383e+00
9.965713024139404297e-01
1.110758036375045776e-01
1.005904078483581543e+00
1.343874454498291016e+00
1.748143434524536133e+00
2.131604909896850586e+00
2.027668952941894531e+00
1.767421126365661621e+00
2.198872566223144531e+00
1.329645752906799316e+00
2.125332117080688477e+00
1.018857836723327637e+00
1.301953315734863281e+00
1.194396376609802246e+00
1.999568462371826172e+00
1.784301757812500000e+00
2.072344064712524414e+00
1.571483016014099121e+00
1.086635589599609375e+00
8.813135623931884766e-01
3.620418608188629150e-01
-6.101774573326110840e-01
3.943752050399780273e-01
-2.618798315525054932e-01
-7.129659503698348999e-02
-3.211151659488677979e-01
3.839714229106903076e-01
2.028229981660842896e-01
-1.910677254199981689e-01
4.599599242210388184e-01
-3.848128914833068848e-01
7.356604933738708496e-02
-3.415147662162780762e-01
-2.171792089939117432e-01
-3.554884791374206543e-01
-9.838215708732604980e-01
-7.967062592506408691e-01
-3.314424455165863037e-01
-9.935878515243530273e-01
-6.695657968521118164e-01
-7.208452820777893066e-01
-9.233367443084716797e-02
8.014491945505142212e-02
4.261985719203948975e-01
6.102029606699943542e-02
1.516200006008148193e-01
-1.993805617094039917e-01
2.098608613014221191e-01
3.610218763351440430e-01
5.916393399238586426e-01
-1.318323910236358643e-01
1.274974783882498741e-04
-4.799770116806030273e-01
-8.078240603208541870e-02
-3.884593248367309570e-01
-4.252296090126037598e-01
-4.153867959976196289e-01
-2.090958654880523682e-01
-4.656462967395782471e-01
-5.662673115730285645e-01
-6.141043901443481445e-01
-7.789586186408996582e-01
-7.340540289878845215e-01
-2.364058345556259155e-01
-6.912913322448730469e-01
-7.693198323249816895e-01
-8.450532704591751099e-02
-2.807494625449180603e-02
8.664728701114654541e-02
-7.491242289543151855e-01
-2.734566032886505127e-01
-3.738481104373931885e-01
-3.568144440650939941e-01
-8.144029378890991211e-01
-7.860729694366455078e-01
-4.884428381919860840e-01
-4.890803396701812744e-01
-3.071414232254028320e-01
2.730996012687683105e-01
2.883993089199066162e-01
4.954552054405212402e-01
7.537651062011718750e-02
1.743145585060119629e-01
-9.022231698036193848e-01
-1.259165108203887939e-01
-3.363638520240783691e-01
-1.140337437391281128e-01
1.523849964141845703e-01
3.703546822071075439e-01
9.383814781904220581e-02
-4.064619541168212891e-02
-1.013349965214729309e-01
-1.152373194694519043e+00
-4.625608623027801514e-01
2.902862727642059326e-01
-1.372637897729873657e-01
1.982840895652770996e-01
1.559345245361328125e+00
1.433530688285827637e+00
1.829843878746032715e+00
2.112429380416870117e+00
2.322953224182128906e+00
2.686626911163330078e+00
2.311478376388549805e+00
1.562507152557373047e+00
2.970181226730346680e+00
2.593706846237182617e+00
9.169619083404541016e-01
9.104340076446533203e-01
1.082708597183227539e+00
8.647899031639099121e-01
2.051179409027099609e-01
7.840585112571716309e-01
1.979780942201614380e-01
3.666827678680419922e-01
-7.305605709552764893e-02
-2.139662802219390869e-01
-9.590360522270202637e-02
-1.687556654214859009e-01
-9.003872424364089966e-02
4.612348973751068115e-01
4.498111084103584290e-02
-5.177417993545532227e-01
-1.112084031105041504e+00
-7.666933536529541016e-01
-1.943673610687255859e+00
-9.979482889175415039e-01
-1.275816321372985840e+00
-6.078569889068603516e-01
7.879344373941421509e-02
-4.094709157943725586e-01
-6.499566435813903809e-01
-7.055710554122924805e-01
-1.284537076950073242e+00
-8.068040609359741211e-01
-4.155907928943634033e-01
-5.470662117004394531e-01
-1.487130671739578247e-01
3.268525302410125732e-01
6.245336532592773438e-01
3.099004745483398438e+00
6.148438453674316406e-01
1.750795394182205200e-01
1.107698082923889160e-01
3.107878565788269043e-01
-2.552754580974578857e-01
-1.555724292993545532e-01
-9.530691504478454590e-01
6.571219861507415771e-02
-4.858674108982086182e-01
-4.674312770366668701e-01
-6.606919318437576294e-02
-1.270129978656768799e-01
-1.426696777343750000e-01
6.587539911270141602e-01
2.799334824085235596e-01
-8.914624154567718506e-02
4.312474727630615234e-01
-5.516051054000854492e-01
-9.523552060127258301e-01
-1.045224308967590332e+00
-1.507632255554199219e+00
-1.585099697113037109e+00
-1.418154478073120117e+00
-1.987099289894104004e+00
-9.434558749198913574e-01
-6.765271425247192383e-01
-1.844123601913452148e-01
-2.856198549270629883e-01
1.781394779682159424e-01
1.779354810714721680e-01
-1.746460497379302979e-01
-4.403508007526397705e-01
-1.317890524864196777e+00
-1.696685433387756348e+00
-1.344333410263061523e+00
-1.382812142372131348e+00
-1.247180342674255371e+00
-1.524487376213073730e+00
-1.006567120552062988e+00
5.938832834362983704e-02
-6.426383256912231445e-01
-5.717496871948242188e-01
-1.064094007015228271e-01
9.483262896537780762e-02
5.119279026985168457e-01
-2.338303811848163605e-02
1.829333901405334473e-01
2.800354659557342529e-01
2.071069031953811646e-01
3.915702700614929199e-01
1.038849502801895142e-01
5.999011397361755371e-01
7.379554510116577148e-01
2.479061037302017212e-01
4.927522540092468262e-01
3.495980799198150635e-02
7.698807716369628906e-01
4.746476113796234131e-01
6.410573124885559082e-01
3.067079484462738037e-01
5.126418471336364746e-01
2.020070105791091919e-01
2.183266878128051758e-01
-1.089848503470420837e-01
-6.511551141738891602e-01
-7.386438846588134766e-01
-1.777620911598205566e+00
-1.148675799369812012e+00
-1.335153579711914062e+00
-1.287571549415588379e+00
-1.493836998939514160e+00
-1.623093962669372559e+00
-1.074038743972778320e+00
-9.600815176963806152e-01
-8.662433624267578125e-01
-7.034035921096801758e-01
-6.273131370544433594e-01
-7.667188644409179688e-01
-5.061650276184082031e-01
-9.026566743850708008e-01
-9.209142923355102539e-01
-4.005205929279327393e-01
3.784635365009307861e-01
8.606079816818237305e-01
1.277422785758972168e+00
5.582859516143798828e-01
1.155994176864624023e+00
1.180167675018310547e+00
8.170548677444458008e-01
4.918852746486663818e-01
-2.486200928688049316e-01
6.104069352149963379e-01
3.884083330631256104e-01
3.627558350563049316e-01
9.694908261299133301e-01
7.160258293151855469e-01
3.990161120891571045e-01
1.382072716951370239e-01
-5.764670968055725098e-01
-9.440168738365173340e-01
-1.583289265632629395e+00
-1.073503255844116211e+00
-7.292856276035308838e-02
1.114327982068061829e-01
7.698807716369628906e-01
1.266101002693176270e+00
5.249836444854736328e-01
3.461301624774932861e-01
2.260938405990600586e+00
1.246058344841003418e+00
-3.064019381999969482e-01
-8.968937993049621582e-01
-1.154081702232360840e+00
-1.080745100975036621e+00
-1.423993825912475586e+00
-1.857434272766113281e+00
-2.379102945327758789e+00
-1.692044615745544434e+00
-1.863987684249877930e+00
-1.559217691421508789e+00
-8.191968202590942383e-01
8.277136832475662231e-02
1.124068737030029297e+00
1.028190732002258301e+00
1.950507521629333496e+00
1.447147369384765625e+00
1.227341771125793457e+00
1.511967182159423828e+00
1.040328502655029297e+00
1.433071680366992950e-02
1.422871947288513184e-01
-1.472850888967514038e-01
-1.146304368972778320e+00
-6.556685566902160645e-01
-7.240837216377258301e-01
-8.192988038063049316e-01
3.486801087856292725e-01
-7.182188034057617188e-01
-4.825779795646667480e-01
-1.241315454244613647e-01
-4.805380105972290039e-01
-4.721486866474151611e-01
-8.660649061203002930e-01
-8.859034776687622070e-01
-9.109185338020324707e-01
-6.257831454277038574e-01
-4.909163117408752441e-01
-2.338558733463287354e-01
-1.654152274131774902e-01
-4.589144289493560791e-01
-6.789751052856445312e-01
-6.472282409667968750e-01
-1.665397644042968750e+00
-1.730166316032409668e+00
-2.355464935302734375e+00
-1.466450572013854980e+00
-1.912207245826721191e+00
-1.989011764526367188e+00
-2.114392757415771484e+00
-1.369603395462036133e+00
-1.450360298156738281e+00
-1.262505531311035156e+00
-1.450487852096557617e+00
-1.513803124427795410e+00
-8.237612247467041016e-01
-1.138042569160461426e+00
-8.560180664062500000e-01
-5.369684100151062012e-01
-8.978117704391479492e-01
-3.500315845012664795e-01
-6.729571819305419922e-01
-4.990251362323760986e-02
5.017281174659729004e-01
8.479602336883544922e-01
7.822225689888000488e-01
1.106729149818420410e+00
9.328735470771789551e-01
8.004801869392395020e-01
3.904482722282409668e-01
-3.275920152664184570e-01
-2.660362422466278076e-01
8.478582650423049927e-02
1.589128673076629639e-01
4.417532682418823242e-01
1.166703939437866211e+00
2.241558790206909180e+00
1.802712440490722656e+00
1.151200294494628906e+00
1.364580035209655762e+00
9.558231234550476074e-01
9.644419550895690918e-01
1.155688166618347168e+00
1.241519451141357422e+00
3.661982774734497070e+00
1.446433424949645996e+00
1.304350256919860840e+00
1.823774933815002441e+00
1.699745416641235352e+00
1.469484925270080566e+00
3.122668266296386719e-01
7.199018001556396484e-01
2.991091012954711914e-01
-1.576888859272003174e-01
-2.551734447479248047e-01
5.507891178131103516e-01
6.701267361640930176e-01
8.668298721313476562e-01
1.221323847770690918e+00
1.058739066123962402e+00
1.654050350189208984e+00
1.289101481437683105e+00
9.792826771736145020e-01
1.092755436897277832e+00
9.377184510231018066e-01
-4.768405854701995850e-02
4.750556126236915588e-02
1.578418910503387451e-02
-5.061650276184082031e-01
-6.102029606699943542e-02
-3.673967421054840088e-01
-5.488001704216003418e-01
-7.150823473930358887e-01
-5.240911245346069336e-01
-2.035369724035263062e-01
-7.763576507568359375e-01
-5.179202556610107422e-01
-9.023506641387939453e-01
-8.794011473655700684e-01
-9.234642386436462402e-01
-8.732302784919738770e-01
-6.409298181533813477e-01
-7.864809632301330566e-01
-1.259675156325101852e-02
4.608269035816192627e-01
6.538580656051635742e-01
7.307135462760925293e-01
6.276956200599670410e-01
9.673998951911926270e-01
-1.710251271724700928e-01
3.055349588394165039e-01
1.217855960130691528e-01
2.283224910497665405e-01
3.103798627853393555e-01
1.943061649799346924e-01
4.952512085437774658e-01
4.827054738998413086e-01
8.396474123001098633e-01
2.959981560707092285e-01
7.857924699783325195e-01
2.731505930423736572e-01
1.718666106462478638e-01
-7.514701783657073975e-02
-6.168838143348693848e-01
-3.825689554214477539e-01
-7.129914164543151855e-01
-5.575209856033325195e-01
3.268015384674072266e-01
-6.471772491931915283e-02
1.539149582386016846e-01
-6.140278652310371399e-02
4.944352209568023682e-01
2.955391630530357361e-02
3.770865499973297119e-01
2.432651966810226440e-01
9.924404025077819824e-01
9.399114251136779785e-01
4.152847826480865479e-01
4.894373416900634766e-01
5.749116539955139160e-01
4.123778641223907471e-01
-2.999760806560516357e-01
-4.352763891220092773e-01
-6.852479577064514160e-01
-8.063705563545227051e-01
-1.410147666931152344e+00
-8.267191648483276367e-01
-1.811407685279846191e+00
-1.062640547752380371e+00
-7.230381965637207031e-01
-2.811574339866638184e-01
-1.580713838338851929e-01
-3.761175572872161865e-01
-2.196526676416397095e-01
-2.529805004596710205e-01
-1.721726059913635254e-01
-3.610728681087493896e-01
8.238887041807174683e-02
-8.602510094642639160e-01
-5.607084035873413086e-01
-1.661037206649780273e-01
-6.716057062149047852e-01
-3.171882331371307373e-01
-1.305574178695678711e-01
-4.302785098552703857e-01
-9.681903719902038574e-01
-9.001576900482177734e-01
-3.893263041973114014e-01
-3.028830289840698242e-01
-2.995425760746002197e-01
-2.757005393505096436e-01
2.249565571546554565e-01
3.501590788364410400e-01
8.032851219177246094e-01
1.144366383552551270e+00
1.416751980781555176e+00
1.848254442214965820e+00
1.880230903625488281e+00
9.913694262504577637e-01
6.853754520416259766e-01
1.005802154541015625e+00
6.419243216514587402e-01
1.254575252532958984e-01
3.302694857120513916e-01
2.901842594146728516e-01
1.508958220481872559e+00
1.328523736447095871e-02
-3.502865731716156006e-01
-4.193647205829620361e-01
-7.167398333549499512e-01
-6.982017159461975098e-01
-7.042450904846191406e-01
-7.232677340507507324e-01
-3.145617842674255371e-01
7.518271207809448242e-01
-4.234956204891204834e-01
-1.577653884887695312e-01
6.239726766943931580e-02
-3.357008695602416992e-01
-1.519514918327331543e-01
4.183957278728485107e-01
-3.839459121227264404e-01
-2.467076331377029419e-01
-8.600980043411254883e-02
3.087989054620265961e-02
4.470571577548980713e-01
4.776055514812469482e-01
2.868693470954895020e-01
-8.746327459812164307e-02
-2.597123682498931885e-01
-5.943932533264160156e-01
-7.093449831008911133e-01
-7.186012864112854004e-01
-7.766381502151489258e-01
-5.673127770423889160e-01
-1.542464494705200195e-01
2.627468109130859375e-01
1.363712996244430542e-01
-1.306925654411315918e+00
-5.201642513275146484e-01
-2.316119223833084106e-01
-5.460206866264343262e-01
-5.885283946990966797e-01
-5.767220854759216309e-01
4.485361278057098389e-01
-1.265794932842254639e-01
8.853935003280639648e-01
-8.661413788795471191e-01
-3.720376640558242798e-02
1.309654116630554199e+00
9.262946844100952148e-01
8.320995569229125977e-01
1.971111059188842773e+00
1.874825000762939453e+00
1.543688535690307617e+00
1.414253115653991699e+00
1.162981033325195312e+00
6.231057047843933105e-01
1.961421221494674683e-01
-2.177146971225738525e-01
5.505341291427612305e-02
1.223465800285339355e-01
-1.025334745645523071e-01
2.664697468280792236e-01
-4.490461349487304688e-01
3.113998472690582275e-01
-3.151992857456207275e-01
9.339445233345031738e-01
1.093265414237976074e+00
-1.476650357246398926e+00
1.279819726943969727e+00
1.227953791618347168e+00
1.294048428535461426e+00
1.404614210128784180e+00
9.869834780693054199e-01
5.778185725212097168e-01
-1.775784939527511597e-01
2.211316376924514771e-01
7.636589407920837402e-01
-1.016919910907745361e-01
1.058025121688842773e+00
8.759077191352844238e-01
9.049261212348937988e-01
2.196016609668731689e-01
