4.838607311248779297e-01
1.645307242870330811e-01
5.331029295921325684e-01
1.080191493034362793e+00
1.650199532508850098e+00
1.183036565780639648e+00
8.504121899604797363e-01
2.892316281795501709e-01
2.764690518379211426e-01
-8.838076144456863403e-02
-1.412922292947769165e-01
-2.823185622692108154e-01
-9.812816977500915527e-01
-1.129407167434692383e+00
-9.139857292175292969e-01
-1.392502188682556152e+00
-2.695825994014739990e-01
-3.494815528392791748e-01
4.466897621750831604e-02
4.195693135261535645e-01
-1.121244430541992188e-01
-4.012497067451477051e-01
-2.737038433551788330e-01
-2.056899964809417725e-01
-7.720022201538085938e-01
-4.178942143917083740e-01
-5.340867638587951660e-01
-7.519011497497558594e-01
-6.581760644912719727e-01
-4.791279435157775879e-01
3.156607747077941895e-01
4.306302070617675781e-01
9.509174227714538574e-01
1.331720471382141113e+00
1.050412178039550781e+00
1.017548680305480957e+00
5.571922659873962402e-01
8.723744750022888184e-01
1.137835741043090820e+00
1.359957575798034668e+00
2.111300468444824219e+00
1.733634829521179199e+00
1.430949330329895020e+00
1.193352937698364258e+00
7.027387022972106934e-01
2.246211320161819458e-01
-9.921032786369323730e-01
-9.264824390411376953e-01
-1.165514588356018066e+00
-9.393779039382934570e-01
-6.668705940246582031e-01
5.719755887985229492e-01
-1.302047520875930786e-01
1.087583184242248535e+00
7.193832397460937500e-01
1.259452462196350098e+00
9.118320345878601074e-01
1.395373702049255371e+00
1.672693610191345215e+00
1.092156410217285156e+00
9.019942283630371094e-01
4.997607469558715820e-01
-1.268545687198638916e-01
5.403350591659545898e-01
8.785961866378784180e-01
1.320819020271301270e+00
1.090507984161376953e+00
9.619783163070678711e-01
6.539219021797180176e-01
-2.624302357435226440e-02
-1.481653928756713867e+00
-3.304467201232910156e+00
-2.506248712539672852e+00
-1.068811655044555664e+00
-1.243552342057228088e-01
-1.779580116271972656e-01
5.594789385795593262e-01
-4.776655733585357666e-01
2.717362642288208008e-01
8.944430947303771973e-02
4.936985373497009277e-01
-5.182664990425109863e-01
-1.038394093513488770e+00
-8.482585549354553223e-01
-1.181840062141418457e+00
-1.067748069763183594e+00
2.406275086104869843e-02
-2.943100631237030029e-01
1.780165076255798340e+00
3.115129172801971436e-01
-1.626695245504379272e-01
2.064344733953475952e-01
-2.006407976150512695e+00
-9.858017563819885254e-01
-1.291704416275024414e+00
2.028715983033180237e-02
-1.289311528205871582e+00
-1.266976952552795410e+00
-6.928211450576782227e-01
-1.072853088378906250e+00
-1.651050448417663574e+00
-7.927413582801818848e-01
-9.260569810867309570e-01
-1.051263093948364258e+00
-1.559505581855773926e+00
-6.994417309761047363e-01
-8.313215374946594238e-01
-4.017017185688018799e-01
1.534166634082794189e-01
2.345121279358863831e-02
-6.137464046478271484e-01
-6.022069454193115234e-01
-8.106621503829956055e-01
-1.121244430541992188e+00
-1.178250551223754883e+00
-8.109280467033386230e-01
-1.201249837875366211e+00
-4.490029811859130859e-01
-1.197341203689575195e+00
-3.173358440399169922e-01
-3.147301673889160156e-01
-5.991226434707641602e-01
-1.779845952987670898e-01
-8.555704355239868164e-01
-1.135735273361206055e+00
-1.230789795517921448e-01
-1.081999540328979492e+00
-1.594522953033447266e+00
-1.484445810317993164e+00
-8.767616152763366699e-01
-1.427200317382812500e+00
-2.506408214569091797e+00
-2.301196813583374023e+00
-1.843765139579772949e+00
-2.138394355773925781e+00
-2.401489257812500000e+00
-7.980591058731079102e-01
-2.637596614658832550e-02
1.883009970188140869e-01
2.842329442501068115e-02
-4.785961657762527466e-02
5.899495482444763184e-01
-2.253656238317489624e-01
5.583621934056282043e-02
6.162191629409790039e-01
7.449083328247070312e-01
1.118851453065872192e-01
-7.067270278930664062e-01
4.589737355709075928e-01
2.680670320987701416e-01
7.226270437240600586e-01
4.505185186862945557e-01
8.395640254020690918e-01
1.757936954498291016e+00
1.523212075233459473e+00
2.002020835876464844e+00
2.239404678344726562e+00
2.251901388168334961e+00
1.929806113243103027e+00
1.860781908035278320e+00
1.757564663887023926e+00
9.133741855621337891e-01
7.220952510833740234e-01
5.327838659286499023e-01
7.435789108276367188e-01
9.783037304878234863e-01
4.923159182071685791e-01
7.898963689804077148e-01
6.591864824295043945e-01
9.990429282188415527e-01
3.380484282970428467e-01
5.689976811408996582e-01
4.541877508163452148e-01
1.212975382804870605e-01
3.116192854940891266e-02
4.879021942615509033e-01
6.364797353744506836e-01
-1.220632910728454590e+00
-4.947886765003204346e-01
-8.566871285438537598e-02
7.587876319885253906e-01
3.442701697349548340e-01
5.928211212158203125e-01
1.203562974929809570e+00
1.357032895088195801e+00
1.626163482666015625e+00
1.445945382118225098e+00
7.448019981384277344e-01
5.261899158358573914e-02
-7.638660669326782227e-01
1.451741717755794525e-02
-6.722946763038635254e-01
-4.594789147377014160e-01
1.613400876522064209e-01
9.712843298912048340e-01
6.155810356140136719e-01
1.184578657150268555e+00
9.148631691932678223e-01
6.239298582077026367e-01
7.388992905616760254e-01
-8.293008059263229370e-02
-4.186121225357055664e-01
-7.360808849334716797e-01
-8.360809087753295898e-01
-4.478596448898315430e-01
-5.695294216275215149e-02
-6.283435821533203125e-01
-1.440654277801513672e+00
-1.486147403717041016e+00
-1.800718069076538086e+00
-1.361659288406372070e+00
-1.532225608825683594e+00
-9.622442126274108887e-01
-1.059877753257751465e+00
-8.013294935226440430e-01
-3.413985967636108398e-01
-1.038181424140930176e+00
-5.484446287155151367e-01
-1.878755837678909302e-01
-1.067721486091613770e+00
-7.406541705131530762e-01
-6.892316341400146484e-01
-5.726934671401977539e-01
-9.964638352394104004e-01
-3.609412908554077148e-01
-3.016219437122344971e-01
1.302845180034637451e-01
8.800852112472057343e-03
-9.454932808876037598e-02
-2.847620725631713867e+00
1.545440196990966797e+00
3.639457821846008301e-01
7.001330256462097168e-01
3.097580671310424805e-01
2.102632522583007812e-01
6.040415167808532715e-01
-3.591412305831909180e+00
2.891252636909484863e-01
3.520340844988822937e-02
-2.194363474845886230e-01
-7.644510269165039062e-01
-7.271736860275268555e-01
-1.856421381235122681e-01
4.074448645114898682e-01
-7.498006522655487061e-02
1.088912606239318848e+00
1.407179117202758789e+00
1.693698614835739136e-01
-4.553310871124267578e-01
-2.988567054271697998e-01
-4.840202629566192627e-01
-4.157937169075012207e-01
3.962244391441345215e-01
-2.173624187707901001e-01
-1.207657679915428162e-01
6.312683224678039551e-01
1.273597627878189087e-01
6.986972093582153320e-01
1.946663379669189453e+00
3.541079759597778320e-01
-2.141451984643936157e-01
-5.148365497589111328e-01
4.632279276847839355e-01
6.319064497947692871e-01
-1.127359829843044281e-02
4.884339869022369385e-01
3.179580211639404297e+00
1.441106200218200684e-01
-5.326509475708007812e-01
-5.128690004348754883e-01
-4.498803913593292236e-01
-5.847115516662597656e-01
-3.810689151287078857e-01
-5.600904822349548340e-01
-2.565541267395019531e-01
-2.827173769474029541e-01
-1.974209249019622803e-01
-7.725605964660644531e-01
-1.354054927825927734e+00
-8.929009437561035156e-01
-1.263786315917968750e+00
-7.854560613632202148e-01
-1.577000975608825684e+00
-1.475405693054199219e-01
-1.500851035118103027e+00
-1.405264735221862793e+00
-1.162270784378051758e+00
-3.825047016143798828e-01
-1.221749663352966309e+00
-9.875832200050354004e-01
-5.840202569961547852e-01
-9.892582893371582031e-01
-9.812816977500915527e-01
-6.779474258422851562e+00
-1.313161492347717285e+00
-1.964158654212951660e+00
-2.457830667495727539e+00
-1.503403544425964355e+00
-2.012682914733886719e+00
-1.812230944633483887e+00
-2.642940998077392578e+00
-2.385270118713378906e+00
-2.128263950347900391e+00
-1.718505859375000000e+00
-2.789524316787719727e+00
-1.548444747924804688e+00
-5.800851583480834961e-01
-5.854826420545578003e-02
4.015953540802001953e-01
9.909067749977111816e-01
9.220952540636062622e-02
1.306567490100860596e-01
-4.884074032306671143e-01
-2.455198317766189575e-01
1.776123605668544769e-02
4.238235056400299072e-01
9.171497821807861328e-01
1.006594061851501465e+00
1.990747332572937012e+00
1.553789019584655762e+00
2.325764656066894531e+00
1.110289931297302246e+00
9.203935861587524414e-01
1.147886276245117188e+00
1.593512535095214844e+00
1.684711694717407227e+00
1.827067494392395020e+00
1.715075969696044922e+00
1.534432530403137207e+00
1.303536415100097656e+00
5.654347538948059082e-01
3.700611889362335205e-01
2.535496056079864502e-01
-2.299920469522476196e-02
1.074714288115501404e-01
3.070460259914398193e-01
-5.202872157096862793e-01
2.224408686161041260e-01
1.839936338365077972e-02
1.504387259483337402e-01
-1.312948763370513916e-01
-5.722414851188659668e-01
-8.361872434616088867e-01
-4.082691073417663574e-01
-1.493033885955810547e+00
-9.622441977262496948e-02
3.148631155490875244e-01
7.545866072177886963e-02
4.966232776641845703e-01
5.679340958595275879e-01
3.174156248569488525e-01
4.837011992931365967e-01
5.224674940109252930e-02
-3.011433482170104980e-01
-4.647966325283050537e-01
-4.469556361436843872e-02
-1.542196393013000488e+00
3.911194205284118652e-02
3.388992547988891602e-01
8.771072626113891602e-01
8.016485720872879028e-02
1.262643098831176758e+00
1.220047950744628906e+00
1.358681321144104004e+00
2.166232585906982422e+00
1.550332546234130859e+00
1.276841402053833008e+00
1.014198422431945801e+00
9.572986960411071777e-01
4.612071812152862549e-01
1.285349726676940918e+00
6.380750536918640137e-01
2.322680473327636719e+00
-2.709651887416839600e-01
-7.893380522727966309e-01
-1.686227202415466309e+00
-1.579074859619140625e+00
-1.762217640876770020e+00
-2.018426179885864258e+00
-2.261579513549804688e+00
-2.031481266021728516e+00
-2.227652549743652344e+00
-1.772693634033203125e+00
-1.000664830207824707e+00
-1.184153318405151367e+00
-8.278915882110595703e-01
-4.936453700065612793e-01
1.547992676496505737e-01
-3.843924999237060547e-01
-1.471949070692062378e-01
-1.095985248684883118e-01
-5.019410252571105957e-01
-2.918373048305511475e-01
-7.729062438011169434e-01
-4.604892730712890625e-01
-1.525658220052719116e-01
4.738102108240127563e-02
6.705664098262786865e-02
1.232119277119636536e-01
-4.828503727912902832e-02
-3.730391338467597961e-02
-3.010104000568389893e-01
-1.053177490830421448e-01
-6.949481964111328125e-01
-9.207658767700195312e-01
-1.294203758239746094e+00
-1.735283374786376953e+00
-1.199362039566040039e+00
-8.857485651969909668e-01
-1.168784976005554199e+00
-1.276814818382263184e+00
-6.554640531539916992e-01
-2.435256838798522949e-01
-3.653018176555633545e-01
-6.631747484207153320e-01
1.528848856687545776e-01
-1.477319955825805664e+00
-1.029460310935974121e+00
-1.082850456237792969e+00
-1.959585398435592651e-01
-1.115926727652549744e-01
-1.450678110122680664e+00
-1.230284571647644043e+00
-1.011326909065246582e+00
-1.304254293441772461e+00
-9.327307343482971191e-01
-1.195586442947387695e+00
-2.939989566802978516e+00
-1.280776500701904297e+00
-2.135602474212646484e+00
-1.173624157905578613e+00
-1.272241592407226562e+00
-8.205265402793884277e-01
-4.426748752593994141e-01
-2.986705899238586426e-01
4.613667130470275879e-01
4.371710121631622314e-01
-4.324382245540618896e-01
6.419038176536560059e-01
6.572188735008239746e-01
8.200479149818420410e-01
1.493220031261444092e-01
1.572986096143722534e-01
2.350438982248306274e-01
-1.181361436843872070e+00
4.227599501609802246e-01
-2.935124039649963379e-01
-1.362935602664947510e-01
-1.063281148672103882e-01
1.889391243457794189e-01
2.592395991086959839e-02
6.050785064697265625e+00
3.969157636165618896e-01
5.677745938301086426e-01
1.077958106994628906e+00
1.977718949317932129e+00
1.487955451011657715e+00
6.156873703002929688e-01
5.212975740432739258e-01
1.417814612388610840e+00
1.321988940238952637e+00
1.705929398536682129e+00
8.482319116592407227e-01
2.839138805866241455e-01
-1.249933689832687378e-01
1.375166326761245728e-01
-2.810954749584197998e-01
-3.702738881111145020e-01
-3.324116170406341553e-01
-1.335815072059631348e+00
-9.191173315048217773e-01
-1.246610045433044434e+00
-6.920234560966491699e-01
7.537889480590820312e-02
-8.803510665893554688e-02
4.318532645702362061e-01
9.527254104614257812e-01
6.013826727867126465e-01
1.056474447250366211e+00
1.916139483451843262e+00
7.312417626380920410e-01
1.550119817256927490e-01
-1.183461993932723999e-01
-4.918904975056648254e-02
4.804573580622673035e-02
2.129752933979034424e-02
2.582823932170867920e-01
7.560223937034606934e-01
6.328104734420776367e-01
1.047487497329711914e+00
1.390587687492370605e-01
5.254985690116882324e-01
1.054506897926330566e-01
2.933794558048248291e-01
2.534432709217071533e-01
2.485137224197387695e+00
3.766551911830902100e-01
-3.780377805233001709e-01
-2.242223024368286133e-01
6.913055479526519775e-02
1.997341364622116089e-01
-2.488434165716171265e-01
1.340069323778152466e-01
1.023079037666320801e+00
8.200479149818420410e-01
2.004786252975463867e+00
1.714331507682800293e+00
2.136187314987182617e+00
2.829885959625244141e+00
2.425631761550903320e+00
2.267748117446899414e+00
1.742090106010437012e+00
1.905557274818420410e+00
4.548258781433105469e-01
-1.323185443878173828e+00
8.005318641662597656e-01
-2.018612325191497803e-01
4.814677536487579346e-01
-3.018080592155456543e-01
-6.735177636146545410e-01
-3.757245838642120361e-01
-1.013666629791259766e+00
-1.329752922058105469e+00
-1.028077721595764160e+00
-1.151874661445617676e+00
-1.364424467086791992e+00
-1.565700769424438477e+00
-1.791332244873046875e+00
-1.570619702339172363e+00
-1.985828399658203125e+00
-1.059159874916076660e+00
-1.301116824150085449e+00
-1.604121446609497070e+00
-1.381015777587890625e+00
-1.942914366722106934e+00
-1.423132300376892090e+00
-2.358654975891113281e+00
-4.556767344474792480e-01
-6.633343100547790527e-01
-1.791013181209564209e-01
-4.390322268009185791e-01
5.572986602783203125e-02
4.628556668758392334e-01
9.366658926010131836e-01
8.597714304924011230e-01
-6.421165168285369873e-02
-1.651156842708587646e-01
-9.525393247604370117e-01
-1.549056291580200195e+00
-1.950651645660400391e+00
-2.429221153259277344e+00
-1.919011116027832031e+00
-1.565541267395019531e+00
-9.452540278434753418e-01
-2.938846349716186523e-01
3.926615715026855469e-01
-4.457804203033447266e+00
1.078436672687530518e-01
1.317734718322753906e-01
1.189045608043670654e-01
-8.203403949737548828e-01
-4.895241260528564453e-01
-2.169104099273681641e+00
1.411858648061752319e-01
2.858814299106597900e-01
8.687052130699157715e-01
1.128263831138610840e+00
1.074820637702941895e+00
5.582558512687683105e-01
-1.739697009325027466e-01
-7.359479665756225586e-01
-6.356820464134216309e-01
-1.462908983230590820e+00
1.907418489456176758e+00
5.108216404914855957e-01
6.127626299858093262e-01
1.281308293342590332e+00
1.647115349769592285e+00
2.335921525955200195e+00
1.314863204956054688e+00
1.567402482032775879e+00
1.031587481498718262e+00
6.851902008056640625e-01
8.974741697311401367e-01
1.836745738983154297e-01
6.704068779945373535e-01
5.316140055656433105e-01
2.805105447769165039e-01
3.346450626850128174e-01
-1.115394979715347290e-01
2.807764150202274323e-02
3.600106760859489441e-02
1.070991873741149902e+00
2.045520067214965820e+00
1.700664877891540527e+00
1.953842282295227051e+00
2.651263236999511719e+00
5.033236145973205566e-01
2.788088619709014893e-01
-4.085350036621093750e-01
-4.138261675834655762e-01
-6.224941015243530273e-01
-3.627493083477020264e-01
-1.515527963638305664e+00
-1.002393104135990143e-02
-5.022601038217544556e-02
-6.904547214508056641e-01
5.483648777008056641e-01
1.072587221860885620e-01
1.457059383392333984e-01
5.942037105560302734e-01
1.204732894897460938e+00
4.746078550815582275e-01
1.126828074455261230e+00
-1.815740615129470825e-01
-3.040680885314941406e-01
-9.703803062438964844e-01
-1.334911108016967773e+00
-1.665594458580017090e+00
-1.730470776557922363e+00
-1.642355918884277344e+00
-1.445333838462829590e+00
-1.044004321098327637e+00
-4.253656268119812012e-01
-3.923956751823425293e-01
-3.293273448944091797e-01
-7.270939350128173828e-01
-6.272534728050231934e-01
-6.565275788307189941e-01
6.262164711952209473e-01
-7.210849225521087646e-02
8.215900510549545288e-03
7.357618212699890137e-01
9.831960797309875488e-01
1.162403702735900879e+00
1.111885309219360352e+00
8.032971024513244629e-01
6.505185365676879883e-01
3.688381016254425049e-01
2.210582494735717773e-01
-5.317735485732555389e-04
-1.907471567392349243e-01
-7.802181243896484375e-01
-1.507657647132873535e+00
-9.168573021888732910e-01
-5.631481409072875977e-01
-2.678011357784271240e-01
-4.466897621750831604e-02
8.469024896621704102e-01
1.371762990951538086e+00
1.335230112075805664e+00
1.091677904129028320e+00
8.623771071434020996e-01
-3.025552034378051758e+00
-3.217495679855346680e-01
8.170700073242187500e-02
-6.210051178932189941e-01
-7.165914177894592285e-01
-2.542940974235534668e-01
6.513693928718566895e-01
2.669502981007099152e-02
7.467163801193237305e-01
4.629088342189788818e-01
1.683914065361022949e+00
-1.391013145446777344e+00
1.392874360084533691e+00
1.772986054420471191e+00
1.795799136161804199e+00
1.567880988121032715e+00
5.568200349807739258e-01
4.368519410490989685e-02
2.024993598461151123e-01
-1.304440498352050781e-01
-1.403882075101137161e-02
-2.778516709804534912e-02
-1.482850432395935059e+00
-9.497209191322326660e-01
8.112204819917678833e-02
1.955862939357757568e-01
3.446424305438995361e-01
-8.869982510805130005e-02
4.568998217582702637e-01
8.176549673080444336e-01
-1.038287803530693054e-01
-9.846318364143371582e-01
-3.791545331478118896e-01
5.364531278610229492e-01
3.375166654586791992e-01
7.232120037078857422e-01
3.467163443565368652e-01
-3.942303061485290527e-01
-2.490827143192291260e-01
-1.055676817893981934e+00
-9.098379015922546387e-01
-8.693699240684509277e-01
-1.536825485527515411e-02
2.086679220199584961e+00
6.368519663810729980e-01
4.678543508052825928e-01
7.170965671539306641e-01
2.566870748996734619e-01
1.736240535974502563e-01
1.909598708152770996e-01
5.579367876052856445e-01
4.617389440536499023e-01
9.822920560836791992e-01
4.465302228927612305e-01
1.890454888343811035e-01
-2.199149429798126221e-01
-7.848977297544479370e-02
-6.995480656623840332e-01
-1.734405875205993652e+00
-7.382611632347106934e-01
-5.445094704627990723e-01
-7.465834617614746094e-01
-3.435788750648498535e-01
-7.586281299591064453e-01
1.773464679718017578e-02
7.733582258224487305e-01
1.103589534759521484e+00
1.188247919082641602e+00
3.233714699745178223e-01
2.966232597827911377e-01
7.091199755668640137e-01
1.648497884161770344e-03
-1.169635877013206482e-01
-3.230789899826049805e-01
-1.672161817550659180e-01
-1.628290563821792603e-01
-7.543739080429077148e-01
-5.669237375259399414e-01
-3.051848113536834717e-01
-7.603031992912292480e-01
-8.216166496276855469e-01
-8.773465156555175781e-01
-6.288487911224365234e-01
-1.550119817256927490e-01
-1.400957405567169189e-01
3.206062614917755127e-01
7.929275035858154297e-01
1.224036335945129395e+00
1.066843986511230469e+00
1.126402616500854492e+00
7.540548443794250488e-01
-7.848977446556091309e-01
4.834353029727935791e-01
1.595852375030517578e-01
1.047593832015991211e+00
5.941505432128906250e-01
3.536294028162956238e-02
1.885137148201465607e-02
6.480723619461059570e-01
-2.010103873908519745e-02
-1.520074605941772461e-01
-2.307631224393844604e-01
2.253656238317489624e-01
-2.874235808849334717e-02
2.259984254837036133e+00
1.468971133232116699e+00
1.161180615425109863e+00
7.379420995712280273e-01
1.132624387741088867e+00
2.874767780303955078e-01
4.201010800898075104e-03
-2.626429498195648193e-01
-1.585323214530944824e+00
-1.810529351234436035e+00
-1.531826853752136230e+00
-1.261978387832641602e+00
-1.197580575942993164e+00
-1.006966352462768555e+00
-4.453869163990020752e-01
-3.614996373653411865e-01
7.599575519561767578e-01
5.381016135215759277e-01
9.786759614944458008e-01
1.040202140808105469e+00
6.623771190643310547e-01
1.178835511207580566e+00
1.342728137969970703e-01
1.413453966379165649e-01
-1.062217578291893005e-01
-2.740760743618011475e-01
3.146503865718841553e-01
-3.045732975006103516e-01
3.816591739654541016e+00
3.115129172801971436e-01
4.961446821689605713e-01
5.484180450439453125e-01
2.503058016300201416e-01
-4.148365259170532227e-01
-2.139324843883514404e-01
-4.394576251506805420e-01
-3.851103782653808594e-01
-8.035629391670227051e-01
-3.706461489200592041e-01
-3.849242627620697021e-01
5.107684805989265442e-02
1.153842210769653320e+00
3.931933343410491943e-01
-2.406594276428222656e+00
6.995480656623840332e-01
1.018878072500228882e-01
4.579633474349975586e-01
2.857218980789184570e-01
-2.773198857903480530e-02
-1.257644444704055786e-01
2.275990694761276245e-02
-6.694762706756591797e-01
2.976655483245849609e+00
-7.403616905212402344e-01
-1.348391532897949219e+00
-7.451476454734802246e-01
1.443233340978622437e-01
8.629620671272277832e-01
9.806435704231262207e-01
1.042382478713989258e+00
7.681468129158020020e-02
-1.293273210525512695e+00
-6.534432768821716309e-01
-1.354267597198486328e+00
-1.025232791900634766e+00
-8.174422383308410645e-01
-8.133741617202758789e-01
-5.948950648307800293e-01
5.392183363437652588e-02
-1.063786387443542480e+00
-1.384605288505554199e+00
-1.470805764198303223e+00
-1.432810544967651367e+00
-2.055836439132690430e+00
-1.316298961639404297e+00
-7.537091970443725586e-01
-3.009040355682373047e-01
-2.720819115638732910e-01
4.968360066413879395e-01
1.085456132888793945e+00
1.377187013626098633e+00
1.522148489952087402e+00
1.491784214973449707e+00
1.078649401664733887e+00
1.721350848674774170e-01
-7.099176291376352310e-03
-5.089870095252990723e-01
-4.073651134967803955e-01
-7.551981806755065918e-01
-4.880617260932922363e-01
-1.946557015180587769e-01
-4.169636070728302002e-01
-1.057192325592041016e+00
-7.418240308761596680e-01
-4.954799711704254150e-01
-4.560755491256713867e-01
-2.790747284889221191e-01
3.890455067157745361e-01
7.829833030700683594e-01
3.076309859752655029e-01
3.013028800487518311e-01
2.468492686748504639e-01
1.452273428440093994e-01
1.750598400831222534e-01
3.439511060714721680e-01
5.786227583885192871e-01
9.577240943908691406e-01
4.895507097244262695e-01
4.259505867958068848e-01
-2.241159528493881226e-01
7.118852138519287109e-01
-3.755916357040405273e-01
-5.183994174003601074e-01
8.896570652723312378e-02
-1.861207303591072559e-03
-1.642675042152404785e+00
7.477267384529113770e-01
7.192236930131912231e-02
4.639723896980285645e-02
-8.941505551338195801e-01
-5.948684215545654297e-01
-6.970753073692321777e-01
-7.746876478195190430e-01
-8.579102158546447754e-01
-4.328636527061462402e-01
-6.240628361701965332e-01
1.182345271110534668e+00
3.686785697937011719e-01
1.147248148918151855e+00
-3.284738540649414062e+00
1.067854404449462891e+00
5.077373385429382324e-01
8.215900659561157227e-01
-1.292209625244140625e-01
-5.160862207412719727e-01
-8.888860344886779785e-01
-9.346983432769775391e-01
-1.072826504707336426e+00
5.913321673870086670e-02
5.668705701828002930e-02
5.088540911674499512e-01
1.953204125165939331e-01
-1.495878845453262329e-01
1.499069482088088989e-01
1.205530539155006409e-01
3.461845591664314270e-02
5.022600889205932617e-01
-1.896304339170455933e-01
-1.676947772502899170e-01
5.410795807838439941e-01
3.417176604270935059e-01
5.562883019447326660e-01
5.084286332130432129e-01
5.374103188514709473e-01
3.097580671310424805e-01
5.495879054069519043e-01
5.370380878448486328e-01
7.511832714080810547e-01
9.508110284805297852e-01
1.289231777191162109e+00
1.269556045532226562e+00
9.407073855400085449e-01
8.151024580001831055e-01
2.128689438104629517e-01
1.099813938140869141e+00
6.974209845066070557e-02
2.647168636322021484e-01
-1.674288958311080933e-01
-2.222547382116317749e-01
-8.035629391670227051e-01
-8.852433562278747559e-01
5.596916079521179199e-01
-9.000532627105712891e-01
-7.122574448585510254e-01
5.336878895759582520e-01
5.993087291717529297e-01
9.694762825965881348e-01
8.237171769142150879e-01
6.937517523765563965e-01
4.879021942615509033e-01
5.061951875686645508e-01
-1.883541792631149292e-01
-3.608083352446556091e-02
-2.784632146358489990e-01
-7.542144060134887695e-01
-2.169104218482971191e-01
-1.536027789115905762e-01
-5.382611751556396484e-01
-9.119915775954723358e-03
-4.328636452555656433e-02
-5.432066321372985840e-02
1.367721557617187500e-01
7.330498099327087402e-01
1.329380631446838379e+00
8.465834259986877441e-01
1.125179648399353027e+00
1.289284944534301758e+00
5.582558512687683105e-01
5.597448348999023438e-01
-5.203403905034065247e-02
-4.717894792556762695e-01
-2.265780687332153320e+00
-1.105982542037963867e+00
-1.419569373130798340e+00
-2.005557298660278320e+00
-1.442967414855957031e+00
-1.507418394088745117e+00
-1.706620812416076660e+00
-1.620819091796875000e+00
-1.803376913070678711e+00
-1.263786315917968750e+00
-3.028343915939331055e+00
-1.348737120628356934e+00
-9.843127727508544922e-01
-1.990694105625152588e-01
-3.261367082595825195e-01
-2.009838104248046875e+00
4.021803140640258789e-01
-4.719489812850952148e-02
9.502793103456497192e-02
-3.304972499608993530e-02
-8.364797234535217285e-01
-1.626961112022399902e+00
-1.673065900802612305e+00
-1.462111234664916992e+00
-1.092528700828552246e+00
-1.011459827423095703e+00
-7.317469716072082520e-01
2.461420059204101562e+00
-7.965701222419738770e-01
-1.075910806655883789e+00
-6.457591652870178223e-01
-8.439511656761169434e-01
-1.014038920402526855e+00
-6.401755809783935547e-01
-4.052114188671112061e-01
2.003722637891769409e-01
4.684924781322479248e-01
4.360542893409729004e-01
2.867854535579681396e-01
4.740229249000549316e-01
5.098112821578979492e-01
5.134804844856262207e-01
6.222282052040100098e-01
2.809891402721405029e-01
5.406541228294372559e-01
2.387663163244724274e-02
-1.535256743431091309e+00
-5.714970231056213379e-01
-6.633874773979187012e-01
-1.062749400734901428e-01
-1.552778668701648712e-02
-3.269955158233642578e+00
3.902685940265655518e-01
3.698484897613525391e-01
9.547993540763854980e-01
8.819995522499084473e-01
1.980643630027770996e+00
2.103376865386962891e+00
-2.747939527034759521e-01
1.626907944679260254e+00
1.167987346649169922e+00
1.545333862304687500e-01
8.231322169303894043e-01
-1.362669616937637329e-01
-3.438713550567626953e-01
-2.466099709272384644e-01
-2.895240783691406250e-01
-5.987769961357116699e-01
-6.484977900981903076e-02
4.562616720795631409e-02
1.495347172021865845e-01
4.942303001880645752e-01
1.237330675125122070e+00
4.544536471366882324e-01
5.485243797302246094e-01
-8.098910748958587646e-02
4.805105626583099365e-01
1.150226145982742310e-01
2.714172005653381348e-01
-2.109279632568359375e-01
5.894177556037902832e-01
7.684127092361450195e-01
1.304121375083923340e+00
1.450039982795715332e+00
1.546397447586059570e+00
1.222653627395629883e+00
1.180377721786499023e+00
6.884340047836303711e-01
6.850838065147399902e-01
-2.834087014198303223e-01
-2.871311008930206299e-01
-6.356820464134216309e-01
-9.198884367942810059e-01
-1.626057028770446777e+00
-1.164637207984924316e+00
-1.229221105575561523e+00
-4.638394415378570557e-01
-6.767881512641906738e-01
-9.173890948295593262e-01
-8.189578056335449219e-01
-4.843127429485321045e-01
-3.915980160236358643e-01
3.080032169818878174e-01
5.722946524620056152e-01
2.251529097557067871e-01
1.072002291679382324e+00
1.638341069221496582e+00
1.443499207496643066e+00
2.117362737655639648e+00
1.625791192054748535e+00
1.934911131858825684e+00
1.658123016357421875e+00
1.119436383247375488e+00
9.928211569786071777e-01
1.166923761367797852e+00
4.010635912418365479e-01
3.028450161218643188e-02
5.477267317473888397e-03
-8.871311545372009277e-01
-6.909599304199218750e-01
-1.341770887374877930e+00
-1.610077261924743652e+00
-6.646371483802795410e-01
-5.724807977676391602e-01
-1.246477141976356506e-01
-2.621643431484699249e-02
-4.721882939338684082e-01
1.086998224258422852e+00
4.596118628978729248e-01
4.593991339206695557e-01
3.838872909545898438e-01
4.546131789684295654e-01
-3.653284162282943726e-02
-8.319596648216247559e-01
-3.915448486804962158e-01
-5.120978951454162598e-01
-1.102047443389892578e+00
1.746875941753387451e-01
-2.078410148620605469e+00
4.679075181484222412e-01
3.022600710391998291e-01
8.515289425849914551e-01
7.465568184852600098e-01
5.714970231056213379e-01
1.556501090526580811e-01
-3.221749961376190186e-01
-4.176283478736877441e-01
-4.475139975547790527e-01
-7.332891225814819336e-01
-8.841000795364379883e-01
-1.163759708404541016e+00
-1.416325569152832031e+00
-1.104599952697753906e+00
-6.522734165191650391e-01
-5.017282962799072266e-01
-2.146237939596176147e-01
-3.775459051132202148e+00
-5.904813408851623535e-01
-1.300983875989913940e-01
1.839404553174972534e-01
1.687317341566085815e-01
6.353098154067993164e-01
1.100505352020263672e+00
8.742356896400451660e-01
9.275193810462951660e-01
4.369583129882812500e-01
9.321457743644714355e-01
1.244350057095289230e-02
-5.599309206008911133e-01
-9.268812090158462524e-02
-3.206594288349151611e-02
1.002180337905883789e+00
2.919436693191528320e-01
-2.928742766380310059e-01
4.631215631961822510e-01
-2.376229912042617798e-01
-6.631481647491455078e-01
-5.938580632209777832e-01
-1.031188607215881348e+00
-3.754586875438690186e-01
-6.055836677551269531e-01
-5.559958219528198242e-01
-5.168838500976562500e-01
-8.298059701919555664e-01
5.756448507308959961e-01
5.580962896347045898e-01
3.654879331588745117e-01
4.261632859706878662e-01
5.610742568969726562e-01
3.101303279399871826e-01
6.455730646848678589e-02
5.734114050865173340e-01
3.544802367687225342e-01
-3.018346428871154785e-01
4.240893721580505371e-01
3.396437466144561768e-01
3.645839393138885498e-01
1.145971894264221191e+00
1.310183644294738770e+00
1.780484080314636230e+00
2.303057909011840820e+00
1.373836874961853027e+00
1.657644391059875488e+00
9.769211411476135254e-01
6.968359947204589844e-01
4.867323040962219238e-01
5.065142512321472168e-01
9.300187230110168457e-01
2.096623420715332031e+00
1.113693237304687500e+00
3.816006779670715332e-01
5.204467177391052246e-01
5.506514906883239746e-01
4.099973738193511963e-01
5.705929920077323914e-02
-6.490296125411987305e-02
3.353895545005798340e-01
-3.969689458608627319e-02
-9.862005710601806641e-01
-4.775857925415039062e-01
-1.637064814567565918e-01
-9.062484502792358398e-01
-6.507312655448913574e-01
-8.329700231552124023e-01
-6.726669073104858398e-01
-3.647700548171997070e-01
-2.263759821653366089e-01
-5.586280673742294312e-02
-2.725339308381080627e-02
-6.838075518608093262e-01
-6.764425039291381836e-01
-1.018984436988830566e+00
-1.154719591140747070e+00
-1.178808927536010742e+00
-8.836746215820312500e-01
-8.062218427658081055e-01
-6.942303180694580078e-01
-3.026057183742523193e-01
-2.525924146175384521e-02
4.762031883001327515e-02
-1.012496799230575562e-01
-2.909864783287048340e-01
-5.781707763671875000e-01
-7.689710855484008789e-01
1.517681628465652466e-01
-3.711779043078422546e-02
8.715236186981201172e-01
7.495879530906677246e-01
5.411327481269836426e-01
1.545333862304687500e-01
-2.874501645565032959e-01
-1.095453426241874695e-01
-2.648498117923736572e-01
-5.306036472320556641e-01
6.753523834049701691e-03
-1.395453453063964844e+00
3.465568125247955322e-01
1.157139167189598083e-01
1.054879188537597656e+00
2.395426988601684570e+00
-1.517415791749954224e-01
7.260304093360900879e-01
-2.028981894254684448e-01
-3.211912140250205994e-02
1.917681694030761719e+00
-2.568466067314147949e-01
-4.659931361675262451e-01
-7.305238842964172363e-01
-5.544005036354064941e-01
-3.547993004322052002e-01
-7.741293311119079590e-01
-9.946026206016540527e-01
-5.152353644371032715e-01
-7.558097243309020996e-01
-7.667642235755920410e-01
-7.009040713310241699e-01
-4.408934116363525391e-01
-5.402818918228149414e-01
-8.540282398462295532e-02
1.228503227233886719e+00
1.270406961441040039e+00
1.300824403762817383e+00
1.926562309265136719e+00
1.606328248977661133e+00
1.741451978683471680e+00
1.694177269935607910e+00
1.789896488189697266e+00
1.625153064727783203e+00
1.702366590499877930e+00
1.366817474365234375e+00
1.628184199333190918e+00
1.794682502746582031e+00
6.951875090599060059e-01
4.268014132976531982e-01
4.810423254966735840e-01
-4.109811782836914062e-01
-1.733315736055374146e-01
4.698750674724578857e-01
5.416113138198852539e-01
1.530975997447967529e-01
1.058495163917541504e+00
1.075724601745605469e+00
7.828769683837890625e-01
5.195427536964416504e-01
1.128529787063598633e+00
1.425259351730346680e+00
1.072055459022521973e+00
1.158043146133422852e+00
1.149853825569152832e+00
8.609945178031921387e-01
4.741824567317962646e-01
-7.909333705902099609e-01
-6.435788869857788086e-01
-1.495639562606811523e+00
-1.662191033363342285e+00
-1.975618362426757812e+00
-1.115049362182617188e+00
-1.236267089843750000e+00
-8.751662969589233398e-01
-4.080032408237457275e-01
5.103430747985839844e-01
1.167349219322204590e+00
1.368306398391723633e+00
8.806701302528381348e-01
2.721616923809051514e-01
-3.724541664123535156e-01
-2.491358853876590729e-02
-3.042276203632354736e-01
-2.839670516550540924e-02
-1.526721715927124023e-01
-6.173624396324157715e-01
-4.605158567428588867e-01
-6.214836835861206055e-01
-4.352566301822662354e-01
-4.753257632255554199e-01
-4.281840324401855469e-01
2.342462353408336639e-02
3.697952926158905029e-01
7.064611315727233887e-01
6.981654763221740723e-01
8.300984501838684082e-01
1.105025410652160645e-01
4.476469457149505615e-01
-2.854826152324676514e-01
-5.620846152305603027e-01
-7.712045311927795410e-01
-1.098298430442810059e+00
-1.668997764587402344e+00
-1.012470245361328125e+00
-9.896836876869201660e-01
-1.408933997154235840e-01
2.392980903387069702e-01
7.736241221427917480e-01
9.659665822982788086e-01
1.491412043571472168e+00
1.126189947128295898e+00
1.241265773773193359e+00
7.050253152847290039e-01
-1.054932355880737305e+00
-4.307365417480468750e-02
-4.700877889990806580e-02
-2.044935077428817749e-01
-1.986174099147319794e-02
-3.430204987525939941e-01
-3.455730080604553223e-01
-5.658602118492126465e-01
-3.960649073123931885e-01
5.268280506134033203e-01
4.280776903033256531e-02
9.130551666021347046e-02
1.776123493909835815e-01
-5.128690004348754883e-01
-7.599043846130371094e-01
-4.787025153636932373e-01
-5.376496315002441406e-01
-1.303376853466033936e-01
7.038554549217224121e-01
9.564478397369384766e-01
1.216378808021545410e+00
8.550386428833007812e-01
1.535070657730102539e+00
1.070991873741149902e+00
4.519543051719665527e-01
2.319064289331436157e-01
-4.916246235370635986e-01
-5.444828867912292480e-01
-5.991226434707641602e-01
-1.429354071617126465e+00
-6.913055777549743652e-01
-8.202074766159057617e-01
-3.888593912124633789e-01
-4.006913602352142334e-01
6.131880283355712891e-01
2.238766551017761230e-01
1.023504495620727539e+00
1.219835281372070312e+00
1.459877848625183105e+00
1.335602402687072754e+00
1.426269769668579102e+00
1.607179164886474609e+00
9.220421314239501953e-01
7.540548443794250488e-01
3.996278047561645508e-01
6.226536035537719727e-01
1.024195790290832520e+00
1.224621295928955078e+00
1.316511750221252441e+00
-6.064876914024353027e-01
-3.712044954299926758e-01
1.884073615074157715e-01
1.034937620162963867e+00
1.364477634429931641e+00
1.456208586692810059e+00
1.931879997253417969e+00
1.945121169090270996e+00
1.828981876373291016e+00
1.559691786766052246e+00
1.778676033020019531e+00
1.361606121063232422e+00
1.335974574089050293e+00
1.527040839195251465e+00
1.861313700675964355e+00
2.025365829467773438e+00
2.321776390075683594e+00
2.255623817443847656e+00
2.002499580383300781e+00
1.003669381141662598e+00
3.496942520141601562e-01
3.786227405071258545e-01
-3.921829536557197571e-02
-1.798989772796630859e-01
-3.336347043514251709e-01
3.113002181053161621e-01
7.420899718999862671e-02
-1.792342662811279297e-01
1.318798363208770752e-01
9.534699469804763794e-02
-6.516884267330169678e-02
-5.766817927360534668e-01
-4.263760149478912354e-01
-7.537623643875122070e-01
-4.907471835613250732e-01
-9.408137202262878418e-01
-1.132890343666076660e+00
-4.730657339096069336e-01
-6.149960756301879883e-01
-7.420367598533630371e-01
-7.120979428291320801e-01
-3.886466622352600098e-01
1.375698149204254150e-01
8.447754383087158203e-01
-7.022069394588470459e-02
4.969423636794090271e-02
8.437118530273437500e-01
3.110343217849731445e-01
-3.547647237777709961e+00
5.722414851188659668e-01
6.029779911041259766e-01
-1.053709238767623901e-01
-5.406275391578674316e-01
-1.175485402345657349e-01
-6.060357093811035156e-01
-2.305238135159015656e-02
-2.774262428283691406e-01
-9.396438300609588623e-02
-1.331560909748077393e-01
-3.151821792125701904e-01
-1.005716681480407715e+00
-3.402818739414215088e-01
-1.048072457313537598e+00
-8.189046382904052734e-01
-7.360011339187622070e-01
-1.105823040008544922e+00
-2.352566123008728027e-01
-3.842861354351043701e-01
-4.335549473762512207e-01
6.776921749114990234e-01
-4.096251428127288818e-01
-1.231587454676628113e-01
-5.082425475120544434e-01
-1.088593602180480957e+00
-9.096251726150512695e-01
-8.265355825424194336e-01
-2.774794101715087891e-01
-3.033502101898193359e-01
-1.494549512863159180e-01
-4.155810177326202393e-02
5.879819989204406738e-01
-1.661526411771774292e-01
6.466366350650787354e-02
4.894975200295448303e-02
-1.143313050270080566e-01
-6.415315866470336914e-01
-2.129221111536026001e-01
-1.328370273113250732e-01
-1.587609797716140747e-01
1.383674740791320801e-01
-5.849508568644523621e-02
-7.758575677871704102e-02
-1.195958629250526428e-01
-6.415847539901733398e-01
-3.658867776393890381e-01
-1.273065805435180664e-01
6.219091415405273438e-01
4.023398458957672119e-01
1.658548474311828613e+00
2.055357933044433594e+00
2.491412162780761719e+00
1.967615246772766113e+00
2.556394815444946289e+00
2.110821723937988281e+00
1.758468627929687500e+00
2.093964576721191406e+00
1.471683263778686523e+00
1.321988940238952637e+00
7.051317095756530762e-01
7.739431858062744141e-01
4.175485670566558838e-01
7.379420995712280273e-01
1.354001760482788086e+00
6.958788037300109863e-01
3.578304052352905273e-01
4.878490269184112549e-01
-6.622707247734069824e-01
-2.089603990316390991e-01
5.865461751818656921e-02
-2.101303040981292725e-01
7.684127241373062134e-02
-2.567668557167053223e-01
-2.888327836990356445e-01
-5.884073972702026367e-01
-1.173517823219299316e+00
-9.805903434753417969e-01
-1.303323745727539062e+00
-1.235389709472656250e+00
-6.909333467483520508e-01
-6.477532982826232910e-01
-9.406275749206542969e-01
-2.065674215555191040e-01
-3.797660470008850098e-01
-7.228663563728332520e-01
-1.042302727699279785e+00
-2.426748424768447876e-01
-3.604892790317535400e-01
1.833023279905319214e-01
1.742621809244155884e-01
5.730391740798950195e-01
3.672427833080291748e-01
4.859346449375152588e-01
3.880883157253265381e-01
-5.615528300404548645e-02
3.659665286540985107e-01
3.271470665931701660e-01
-3.702473044395446777e-01
-7.536028623580932617e-01
-2.226004004478454590e-01
-2.269609421491622925e-01
-7.474076747894287109e-02
-1.741824150085449219e-01
-7.252858877182006836e-01
-8.747674524784088135e-02
4.816804528236389160e-01
-7.955863475799560547e-01
7.806966900825500488e-01
-1.393246650695800781e-02
1.378356963396072388e-01
-5.367456078529357910e-01
-9.369052052497863770e-01
-1.103802323341369629e+00
-1.589338064193725586e+00
-1.101994276046752930e+00
-1.303536415100097656e+00
-6.783037185668945312e-01
-9.976868629455566406e-01
-6.690774559974670410e-01
8.183994144201278687e-02
-6.584951281547546387e-01
3.424621522426605225e-01
1.716033220291137695e-01
-2.670566737651824951e-01
-7.252593040466308594e-01
-1.543738484382629395e+00
-1.296942472457885742e+00
-1.354932308197021484e+00
-1.741186022758483887e+00
-2.079314231872558594e+00
-1.437569975852966309e+00
-5.070992112159729004e-01
-7.178410887718200684e-01
-5.265089869499206543e-01
-5.657006502151489258e-01
2.758840918540954590e-01
4.279181659221649170e-01
-1.687583327293395996e-01
2.163254618644714355e-01
6.040415167808532715e-01
-7.708057016134262085e-02
3.225738108158111572e-01
4.697155356407165527e-01
7.244350910186767578e-01
6.660463213920593262e-01
5.341665148735046387e-01
-1.109651803970336914e+00
3.353895545005798340e-01
1.390587687492370605e-01
6.583887934684753418e-01
1.693166941404342651e-01
6.650891304016113281e-01
4.961447045207023621e-02
3.566604852676391602e-01
1.967030316591262817e-01
2.933794558048248291e-01
-4.412124752998352051e-01
-6.485244035720825195e-01
-6.372507810592651367e-01
-1.867482304573059082e+00
-1.165860295295715332e+00
-1.505051970481872559e+00
-1.393140316009521484e+00
-1.806062459945678711e+00
-1.264052271842956543e+00
-1.307418346405029297e+00
-1.139617204666137695e+00
-1.365195512771606445e+00
-8.961447477340698242e-01
-1.193539023399353027e+00
-1.502791941165924072e-01
-7.894178032875061035e-01
-8.947620987892150879e-01
-5.202606320381164551e-01
4.360542632639408112e-03
4.503058195114135742e-01
-4.718160629272460938e-01
1.507099390029907227e+00
1.728051185607910156e+00
1.444775462150573730e+00
5.822388529777526855e-01
4.017017185688018799e-01
1.813347637653350830e-01
9.832492470741271973e-02
-9.577240794897079468e-02
9.540016651153564453e-01
1.800478816032409668e+00
1.170220851898193359e+00
5.922893285751342773e-01
1.267056822776794434e+00
-6.904015541076660156e-01
-1.127466201782226562e+00
-1.110289931297302246e+00
-4.714438021183013916e-01
-1.421696543693542480e-01
-2.243818342685699463e-01
1.022600457072257996e-01
6.344589591026306152e-01
8.432864546775817871e-01
7.274129986763000488e-01
2.629620134830474854e-01
2.343579053878784180e+00
-4.645041823387145996e-01
-4.104493856430053711e-01
-9.234247207641601562e-01
-7.795799970626831055e-01
-1.396171331405639648e+00
-1.691784262657165527e+00
-2.036506414413452148e+00
-2.149162769317626953e+00
-2.061393499374389648e+00
-1.821404099464416504e+00
-1.208774328231811523e+00
-1.145174279808998108e-01
4.957724511623382568e-01
1.337303996086120605e+00
1.644988179206848145e+00
1.978250622749328613e+00
1.481361508369445801e+00
1.897048830986022949e+00
1.126668572425842285e+00
3.025259673595428467e-01
5.040681362152099609e-01
-2.757245600223541260e-01
-6.674023270606994629e-01
-8.346185684204101562e-01
-6.773199439048767090e-01
-1.246317625045776367e+00
-5.262962579727172852e-01
-3.282903730869293213e-01
-5.602499842643737793e-01
-8.487371206283569336e-01
-8.590801358222961426e-01
-5.149960517883300781e-01
-7.590535283088684082e-01
-1.268971204757690430e+00
-8.377028107643127441e-01
-1.183196082711219788e-01
-6.664451360702514648e-01
-7.660197615623474121e-01
-8.471683859825134277e-01
-7.968360185623168945e-01
-5.394842475652694702e-02
-7.219091653823852539e-01
-1.047540664672851562e+00
-1.645360469818115234e+00
-2.171071767807006836e+00
-2.046955823898315430e+00
-2.315900325775146484e+00
-1.920579791069030762e+00
-2.301994323730468750e+00
-1.266897201538085938e+00
-1.676070332527160645e+00
-1.306833386421203613e+00
-9.245946407318115234e-01
-1.354081511497497559e+00
-1.252672314643859863e+00
-8.968360424041748047e-01
-1.103137612342834473e+00
-2.187450379133224487e-01
-5.596384406089782715e-01
-7.601170539855957031e-01
-2.750332653522491455e-01
2.039351500570774078e-02
-8.678543567657470703e-02
5.588939785957336426e-02
7.024728059768676758e-01
8.637065291404724121e-01
8.691838383674621582e-01
1.121191263198852539e+00
2.511566281318664551e-01
1.499601360410451889e-02
3.050784766674041748e-01
-3.084818124771118164e-01
3.109811544418334961e-01
1.517681628465652466e-01
8.413189053535461426e-01
1.168944597244262695e+00
1.162882328033447266e+00
-5.348046422004699707e-01
1.186439871788024902e+00
1.273597598075866699e+00
9.270407557487487793e-01
1.092900991439819336e+00
6.430205106735229492e-01
1.282159090042114258e+00
1.380324482917785645e+00
2.524275779724121094e+00
1.819356799125671387e+00
1.729114770889282227e+00
1.913267970085144043e+00
7.320394515991210938e-01
7.720819711685180664e-01
3.664983212947845459e-01
-1.648365020751953125e+00
-9.545334428548812866e-02
-2.515820562839508057e-01
1.508641541004180908e-01
6.489763855934143066e-01
1.164424419403076172e+00
1.170061230659484863e+00
1.556820154190063477e+00
1.212496757507324219e+00
1.587769389152526855e+00
1.484924435615539551e+00
7.216698527336120605e-01
1.010210156440734863e+00
4.178144633769989014e-01
-1.140122413635253906e-01
1.612869054079055786e-01
-3.036692738533020020e-01
-9.471684098243713379e-01
-3.970220983028411865e-01
-5.817602276802062988e-01
-7.604627013206481934e-01
-3.705397844314575195e-01
-8.723744750022888184e-01
-8.234512805938720703e-01
-7.036161422729492188e-01
-1.103988409042358398e+00
-9.679075479507446289e-01
-6.248604655265808105e-01
-9.244616627693176270e-01
-9.510237574577331543e-01
-2.837809324264526367e-01
2.100505381822586060e-01
3.588939607143402100e-01
7.542675733566284180e-01
5.572986602783203125e-01
6.896039247512817383e-01
4.172826707363128662e-01
6.948152780532836914e-01
5.260835289955139160e-01
5.721883177757263184e-01
3.461845517158508301e-01
1.163520440459251404e-01
-1.454400550574064255e-02
7.269876003265380859e-01
5.099176168441772461e-01
7.483116984367370605e-01
5.006647706031799316e-01
-8.322255313396453857e-02
-2.675352692604064941e-01
-2.709917724132537842e-01
-7.000532746315002441e-01
-8.112205266952514648e-01
3.655942901968955994e-02
2.386067807674407959e-01
-1.342781305313110352e+00
-1.082424968481063843e-01
-1.568200141191482544e-01
1.068864762783050537e-01
-2.517150044441223145e-01
-1.885934770107269287e-01
1.688380911946296692e-02
-7.638926506042480469e-01
2.011699229478836060e-01
4.212177991867065430e-01
9.002925753593444824e-01
4.190907180309295654e-01
6.803510189056396484e-01
4.629620313644409180e-01
2.986440062522888184e-01
-2.430205047130584717e-02
-4.678011536598205566e-01
-1.130550503730773926e+00
-1.543605566024780273e+00
-2.384312868118286133e+00
-1.813826322555541992e+00
-1.360010743141174316e+00
-1.329513549804687500e+00
-1.186546206474304199e+00
-1.779845952987670898e-01
-2.411061078310012817e-01
-6.431800872087478638e-02
-5.194895267486572266e-01
-6.872906684875488281e-01
-1.347514092922210693e-01
1.241691131144762039e-02
-2.228130996227264404e-01
-3.814943134784698486e-01
-1.234778091311454773e-01
-4.467695355415344238e-01
-3.251529037952423096e-01
-5.926615744829177856e-02
-3.774528503417968750e-01
-1.779314130544662476e-01
-5.318799018859863281e-01
-8.854560852050781250e-01
2.262696251273155212e-02
1.150226145982742310e-01
1.763892769813537598e-01
4.217495918273925781e-01
3.041744530200958252e-01
7.797394990921020508e-01
1.275086522102355957e+00
1.179314136505126953e+00
1.372986078262329102e+00
1.610795140266418457e+00
1.508960485458374023e+00
9.074183106422424316e-01
7.007179856300354004e-01
3.044403493404388428e-01
-5.417708754539489746e-01
1.296463906764984131e-01
-2.352566123008728027e-01
1.925020068883895874e-01
-2.450146526098251343e-01
-2.974475324153900146e-01
-4.405211806297302246e-01
-6.605424880981445312e-01
2.776389420032501221e-01
-9.496411681175231934e-01
-8.908270001411437988e-01
-6.429939270019531250e-01
-2.618984505534172058e-02
1.260303240269422531e-02
1.709120124578475952e-01
5.051848292350769043e-01
2.045200914144515991e-01
-1.595320500200614333e-04
-6.875299811363220215e-01
-6.624302864074707031e-01
-1.448816955089569092e-01
-2.655942738056182861e-01
1.648497879505157471e-01
4.463175237178802490e-01
5.865461826324462891e-01
1.412922263145446777e+00
2.412124723196029663e-01
-3.886200785636901855e-01
-5.480192303657531738e-01
-1.311007857322692871e+00
-7.535762786865234375e-01
-8.160596489906311035e-01
8.460516482591629028e-02
-4.781175851821899414e-01
-2.025259435176849365e-01
2.600372433662414551e-01
-1.114544153213500977e+00
-6.479926109313964844e-01
-2.662882566452026367e+00
-5.607286095619201660e-01
-5.832757949829101562e-01
3.711779043078422546e-02
-2.728264033794403076e-01
2.177080810070037842e-01
3.159266412258148193e-01
6.462643742561340332e-01
9.967562556266784668e-01
-1.686918497085571289e+00
8.609413504600524902e-01
1.721829533576965332e+00
1.962988734245300293e+00
1.576708436012268066e+00
1.830630302429199219e+00
1.555916190147399902e+00
1.466259121894836426e+00
8.474342823028564453e-01
1.031108871102333069e-01
-1.153150871396064758e-01
-2.360010892152786255e-01
-1.680670231580734253e-01
-4.088274955749511719e+00
3.188514113426208496e-01
-3.065674379467964172e-02
1.110874861478805542e-01
-2.485934734344482422e+00
2.097846567630767822e-01
2.471151500940322876e-01
1.066099524497985840e+00
1.051316261291503906e+00
1.107684254646301270e+00
1.413985848426818848e+00
1.220047950744628906e+00
1.450678110122680664e+00
8.112205266952514648e-01
2.018612325191497803e-01
2.450944185256958008e-01
-4.672162234783172607e-01
7.823451757431030273e-01
8.902952075004577637e-01
7.665515542030334473e-01
8.936454057693481445e-01
1.765488028526306152e+00
2.150492072105407715e-01
5.967030525207519531e-01
2.205796539783477783e-01
-9.614465385675430298e-02
-3.938846588134765625e-01
8.986972272396087646e-02
2.991757690906524658e-01
-1.526189967989921570e-02
-1.877692341804504395e-01
6.046264991164207458e-02
3.902685940265655518e-01
2.892847955226898193e-01
7.614997029304504395e-02
3.861207664012908936e-01
8.897634744644165039e-01
7.264558076858520508e-01
6.638128757476806641e-01
8.474874496459960938e-01
1.064344644546508789e+00
2.179739624261856079e-01
8.583356142044067383e-01
4.605690538883209229e-01
8.256315588951110840e-01
-1.017814502120018005e-01
-6.095454096794128418e-01
-4.724541902542114258e-01
-1.555969357490539551e+00
-1.564743638038635254e+00
-1.770539879798889160e+00
-1.829061627388000488e+00
-1.896144866943359375e+00
-1.668279886245727539e+00
-1.438766479492187500e+00
-1.187343955039978027e+00
-8.949482440948486328e-01
-1.481255143880844116e-01
5.834087133407592773e-01
1.539484318345785141e-02
6.206328868865966797e-01
9.363999962806701660e-01
6.183994412422180176e-01
3.811752498149871826e-01
-1.748205423355102539e-01
5.399096608161926270e-01
1.913321167230606079e-01
2.428609728813171387e-01
1.077904924750328064e-01
1.612337380647659302e-01
3.789418041706085205e-01
1.086253762245178223e+00
2.236639410257339478e-01
-1.433395594358444214e-01
5.554374456405639648e-01
9.306036680936813354e-02
-1.334751546382904053e-01
-3.828503489494323730e-01
-3.797660470008850098e-01
-3.603563308715820312e-01
-8.296198844909667969e-01
-1.238075137138366699e+00
-1.007631063461303711e+00
-8.821856975555419922e-01
6.025525927543640137e-01
-6.023930311203002930e-01
-8.056368678808212280e-02
-5.440574884414672852e-01
-3.237968981266021729e-01
-9.642117619514465332e-01
-7.851635664701461792e-02
-3.640787303447723389e-01
-5.937251448631286621e-02
-4.139856994152069092e-02
-4.832226037979125977e-01
-3.449082970619201660e-01
3.179473876953125000e-01
5.335283875465393066e-01
5.116193294525146484e-01
6.869450211524963379e-01
7.024728059768676758e-01
3.973943591117858887e-01
3.981920182704925537e-01
-5.599575117230415344e-02
-1.474528193473815918e+00
-1.206115484237670898e+00
-1.935283422470092773e+00
-1.846344232559204102e+00
-1.776017189025878906e+00
-1.003589630126953125e+00
-1.296517014503479004e+00
-8.524063825607299805e-01
-3.239298462867736816e-01
-7.382345795631408691e-01
-2.105557322502136230e-01
1.959585398435592651e-01
7.065142989158630371e-01
6.761500239372253418e-01
1.277851819992065430e+00
1.730125188827514648e+00
1.723584294319152832e+00
1.770327210426330566e+00
1.754001736640930176e+00
1.015421509742736816e+00
1.627226948738098145e+00
1.370220780372619629e+00
1.132305383682250977e+00
1.139696955680847168e+00
1.523477911949157715e+00
2.135602384805679321e-01
6.518479585647583008e-01
6.911460161209106445e-01
1.159532189369201660e+00
6.968892216682434082e-01
6.745547056198120117e-01
3.743685483932495117e-01
6.837012171745300293e-01
6.524329185485839844e-01
2.187716215848922729e-01
4.078702926635742188e-01
6.834353208541870117e-01
8.920500874519348145e-01
1.400319218635559082e+00
1.790906906127929688e+00
1.234937667846679688e+00
1.537304043769836426e+00
1.186865329742431641e+00
8.946025967597961426e-01
5.462377667427062988e-01
4.765222370624542236e-01
1.169157266616821289e+00
-4.466897621750831604e-02
-5.955863278359174728e-03
3.227865397930145264e-01
1.281042456626892090e+00
1.316671252250671387e+00
1.104865789413452148e+00
1.327519416809082031e+00
-1.761499792337417603e-01
1.547141909599304199e+00
1.279340744018554688e+00
7.799522280693054199e-01
6.117522716522216797e-01
-6.245680153369903564e-02
-5.471949651837348938e-02
6.832225918769836426e-01
1.074714288115501404e-01
7.090136408805847168e-01
8.560490012168884277e-01
1.449614644050598145e+00
1.710183620452880859e+00
